[decals]
{
	[t:decal,n:*]
	{
		decal_orientation = 0.000000,-1.000000,0.000000,0.000000,0.000000,-1.000000,1.000000,0.000000,0.000000;
		decal_origin = -3.043548,0.999999,0.835037,0x3C2BDE03;
	  f far_plane = 1.100000;
	  x guid = 0x6732CE63;
	  f horizontal_meters = 4.000000;
	  f lod = 1.000000;
	  f near_plane = 0.100000;
		texture = art\bitmaps\decals\b_d_for01-b.%img%;
	  f vertical_meters = 4.000000;
	}
	[t:decal,n:*]
	{
		decal_orientation = 0.000000,-1.000000,0.000000,0.000000,0.000000,-1.000000,1.000000,0.000000,0.000000;
		decal_origin = -3.236053,1.000000,-1.862053,0x3C2BDE03;
	  f far_plane = 1.100000;
	  x guid = 0xFC8BF371;
	  f horizontal_meters = 4.000000;
	  f lod = 1.000000;
	  f near_plane = 0.100000;
		texture = art\bitmaps\decals\b_d_for01-b.%img%;
	  f vertical_meters = 4.000000;
	}
	[t:decal,n:*]
	{
		decal_orientation = 0.000000,-1.000000,0.000000,0.000000,0.000000,-1.000000,1.000000,0.000000,0.000000;
		decal_origin = 3.845428,0.999999,-0.735779,0x9ACAD421;
	  f far_plane = 1.100000;
	  x guid = 0x73A7C9C8;
	  f horizontal_meters = 4.000000;
	  f lod = 0.000000;
	  f near_plane = 0.100000;
		texture = art\bitmaps\decals\b_d_for01-b.%img%;
	  f vertical_meters = 4.000000;
	}
	[t:decal,n:*]
	{
		decal_orientation = 0.000000,-1.000000,0.000000,0.000000,0.000000,-1.000000,1.000000,0.000000,0.000000;
		decal_origin = -2.738875,1.000001,1.554613,0x43E52A58;
	  f far_plane = 1.100000;
	  x guid = 0x8F0F744A;
	  f horizontal_meters = 4.000000;
	  f lod = 0.000000;
	  f near_plane = 0.100000;
		texture = art\bitmaps\decals\b_d_for01-b.%img%;
	  f vertical_meters = 4.000000;
	}
	[t:decal,n:*]
	{
		decal_orientation = 0.000000,-1.000000,0.000000,0.000000,0.000000,-1.000000,1.000000,0.000000,0.000000;
		decal_origin = 0.226664,1.000000,1.181935,0x3E91635C;
	  f far_plane = 1.100000;
	  x guid = 0x561816F6;
	  f horizontal_meters = 4.000000;
	  f lod = 0.000000;
	  f near_plane = 0.100000;
		texture = art\bitmaps\decals\b_d_for01-b.%img%;
	  f vertical_meters = 4.000000;
	}
	[t:decal,n:*]
	{
		decal_orientation = 0.000000,-1.000000,0.000000,0.000000,0.000000,-1.000000,1.000000,0.000000,0.000000;
		decal_origin = 0.867279,-1.200000,3.122192,0x473D2CC0;
	  f far_plane = 1.100000;
	  x guid = 0x803697A1;
	  f horizontal_meters = 4.000000;
	  f lod = 1.000000;
	  f near_plane = 0.100000;
		texture = art\bitmaps\decals\b_d_for01-b.%img%;
	  f vertical_meters = 4.000000;
	}
	[t:decal,n:*]
	{
		decal_orientation = 0.000000,-1.000000,0.000000,0.000000,0.000000,-1.000000,1.000000,0.000000,0.000000;
		decal_origin = 3.742218,-0.175537,-3.605087,0x473D2CC0;
	  f far_plane = 1.100000;
	  x guid = 0x5D962E75;
	  f horizontal_meters = 4.000000;
	  f lod = 0.000000;
	  f near_plane = 0.100000;
		texture = art\bitmaps\decals\b_d_for01-b.%img%;
	  f vertical_meters = 4.000000;
	}
	[t:decal,n:*]
	{
		decal_orientation = 0.000000,-1.000000,0.000000,0.000000,0.000000,-1.000000,1.000000,0.000000,0.000000;
		decal_origin = -3.478719,-0.175542,3.357026,0x473D2CC0;
	  f far_plane = 1.100000;
	  x guid = 0x4E4107E9;
	  f horizontal_meters = 4.000000;
	  f lod = 0.000000;
	  f near_plane = 0.100000;
		texture = art\bitmaps\decals\b_d_for01-b.%img%;
	  f vertical_meters = 4.000000;
	}
	[t:decal,n:*]
	{
		decal_orientation = 0.000000,-1.000000,0.000000,0.000000,0.000000,-1.000000,1.000000,0.000000,0.000000;
		decal_origin = -3.810119,-0.175540,1.526490,0x473D2CC0;
	  f far_plane = 1.100000;
	  x guid = 0x72EEE02C;
	  f horizontal_meters = 4.000000;
	  f lod = 0.000000;
	  f near_plane = 0.100000;
		texture = art\bitmaps\decals\b_d_for01-b.%img%;
	  f vertical_meters = 4.000000;
	}
	[t:decal,n:*]
	{
		decal_orientation = -1.000000,0.000000,0.000000,0.000000,0.000000,-1.000000,0.000000,-1.000000,0.000000;
		decal_origin = -0.436142,0.976046,1.951034,0xCC40C8D4;
	  f far_plane = 1.100000;
	  x guid = 0xF1E82CFE;
	  f horizontal_meters = 4.000000;
	  f lod = 0.000000;
	  f near_plane = 0.100000;
		texture = art\bitmaps\decals\b_d_for01-b.%img%;
	  f vertical_meters = 4.000000;
	}
	[t:decal,n:*]
	{
		decal_orientation = 0.000000,-1.000000,0.000000,0.000000,0.000000,-1.000000,1.000000,0.000000,0.000000;
		decal_origin = -1.821289,1.000000,0.501229,0x81F352F4;
	  f far_plane = 1.100000;
	  x guid = 0xBDAB50A7;
	  f horizontal_meters = 4.000000;
	  f lod = 0.000000;
	  f near_plane = 0.100000;
		texture = art\bitmaps\decals\b_d_for01-b.%img%;
	  f vertical_meters = 4.000000;
	}
	[t:decal,n:*]
	{
		decal_orientation = 0.000000,1.000000,0.000000,0.000000,0.000000,-1.000000,-1.000000,0.000000,0.000000;
		decal_origin = 1.564865,0.999999,1.824844,0xAA9374AD;
	  f far_plane = 1.100000;
	  x guid = 0xC264E852;
	  f horizontal_meters = 4.000000;
	  f lod = 0.000000;
	  f near_plane = 0.100000;
		texture = art\bitmaps\decals\b_d_for01-b.%img%;
	  f vertical_meters = 4.000000;
	}
	[t:decal,n:*]
	{
		decal_orientation = 0.000000,-1.000000,0.000000,0.000000,0.000000,-1.000000,1.000000,0.000000,0.000000;
		decal_origin = -3.828806,0.008000,-3.884518,0x43C20C3D;
	  f far_plane = 1.100000;
	  x guid = 0x85A3352A;
	  f horizontal_meters = 4.000000;
	  f lod = 0.000000;
	  f near_plane = 0.100000;
		texture = art\bitmaps\decals\b_d_for01-b.%img%;
	  f vertical_meters = 4.000000;
	}
	[t:decal,n:*]
	{
		decal_orientation = 0.000000,-1.000000,0.000000,0.000000,0.000000,-1.000000,1.000000,0.000000,0.000000;
		decal_origin = -0.811166,1.000002,0.779922,0x782A2B85;
	  f far_plane = 1.100000;
	  x guid = 0x4DDF527B;
	  f horizontal_meters = 4.000000;
	  f lod = 0.000000;
	  f near_plane = 0.100000;
		texture = art\bitmaps\decals\b_d_for01-b.%img%;
	  f vertical_meters = 4.000000;
	}
	[t:decal,n:*]
	{
		decal_orientation = 0.000000,-1.000000,0.000000,0.000000,0.000000,-1.000000,1.000000,0.000000,0.000000;
		decal_origin = 2.689945,1.000000,-1.447785,0xB4F31CE8;
	  f far_plane = 1.100000;
	  x guid = 0x357F8539;
	  f horizontal_meters = 2.000000;
	  f lod = 1.000000;
	  f near_plane = 0.100000;
		texture = art\bitmaps\decals\b_d_scorch.%img%;
	  f vertical_meters = 2.000000;
	}
	[t:decal,n:*]
	{
		decal_orientation = 0.000000,-1.000000,0.000000,0.000000,0.000000,-1.000000,1.000000,0.000000,0.000000;
		decal_origin = -1.884755,5.000000,1.739227,0x2AA9E4D6;
	  f far_plane = 1.100000;
	  x guid = 0x1F8857A8;
	  f horizontal_meters = 1.000000;
	  f lod = 1.000000;
	  f near_plane = 0.100000;
		texture = art\bitmaps\decals\b_d_for01-a.%img%;
	  f vertical_meters = 1.000000;
	}
	[t:decal,n:*]
	{
		decal_orientation = 0.000000,-1.000000,0.000000,0.000000,0.000000,-1.000000,1.000000,0.000000,0.000000;
		decal_origin = -1.464154,3.996909,0.561073,0x2AA9E4D6;
	  f far_plane = 1.100000;
	  x guid = 0x1B7AF39B;
	  f horizontal_meters = 1.000000;
	  f lod = 1.000000;
	  f near_plane = 0.100000;
		texture = art\bitmaps\decals\b_d_for01-a.%img%;
	  f vertical_meters = 1.000000;
	}
	[t:decal,n:*]
	{
		decal_orientation = 0.000000,-1.000000,0.000000,0.000000,0.000000,-1.000000,1.000000,0.000000,0.000000;
		decal_origin = -1.884755,5.000000,1.739227,0x2AA9E4D6;
	  f far_plane = 1.100000;
	  x guid = 0xAA60ECBD;
	  f horizontal_meters = 1.000000;
	  f lod = 1.000000;
	  f near_plane = 0.100000;
		texture = art\bitmaps\decals\b_d_for01-a.%img%;
	  f vertical_meters = 1.000000;
	}
	[t:decal,n:*]
	{
		decal_orientation = 0.000000,-1.000000,0.000000,0.000000,0.000000,-1.000000,1.000000,0.000000,0.000000;
		decal_origin = -1.464154,3.996909,0.561073,0x2AA9E4D6;
	  f far_plane = 1.100000;
	  x guid = 0x43A0EE06;
	  f horizontal_meters = 1.000000;
	  f lod = 1.000000;
	  f near_plane = 0.100000;
		texture = art\bitmaps\decals\b_d_for01-a.%img%;
	  f vertical_meters = 1.000000;
	}
	[t:decal,n:*]
	{
		decal_orientation = 0.000000,-1.000000,0.000000,0.000000,0.000000,-1.000000,1.000000,0.000000,0.000000;
		decal_origin = 2.593349,1.000000,1.009161,0x8474FE20;
	  f far_plane = 1.100000;
	  x guid = 0xB00B79BC;
	  f horizontal_meters = 1.000000;
	  f lod = 1.000000;
	  f near_plane = 0.100000;
		texture = art\bitmaps\decals\b_d_blood.%img%;
	  f vertical_meters = 1.000000;
	}
	[t:decal,n:*]
	{
		decal_orientation = 0.000000,-1.000000,0.000000,0.000000,0.000000,-1.000000,1.000000,0.000000,0.000000;
		decal_origin = 2.416325,0.999999,0.621267,0x8474FE20;
	  f far_plane = 1.100000;
	  x guid = 0x9950BBC6;
	  f horizontal_meters = 1.000000;
	  f lod = 1.000000;
	  f near_plane = 0.100000;
		texture = art\bitmaps\decals\b_d_blood.%img%;
	  f vertical_meters = 1.000000;
	}
	[t:decal,n:*]
	{
		decal_orientation = 0.000000,-1.000000,0.000000,0.000000,0.000000,-1.000000,1.000000,0.000000,0.000000;
		decal_origin = 2.004860,1.000000,0.538959,0x8474FE20;
	  f far_plane = 1.100000;
	  x guid = 0x93CE6A4F;
	  f horizontal_meters = 1.000000;
	  f lod = 1.000000;
	  f near_plane = 0.100000;
		texture = art\bitmaps\decals\b_d_blood.%img%;
	  f vertical_meters = 1.000000;
	}
	[t:decal,n:*]
	{
		decal_orientation = 0.000000,-1.000000,0.000000,0.000000,0.000000,-1.000000,1.000000,0.000000,0.000000;
		decal_origin = 2.890930,1.000000,0.520655,0x8474FE20;
	  f far_plane = 1.100000;
	  x guid = 0x4044E225;
	  f horizontal_meters = 1.000000;
	  f lod = 1.000000;
	  f near_plane = 0.100000;
		texture = art\bitmaps\decals\b_d_blood.%img%;
	  f vertical_meters = 1.000000;
	}
	[t:decal,n:*]
	{
		decal_orientation = 0.000000,-1.000000,0.000000,0.000000,0.000000,-1.000000,1.000000,0.000000,0.000000;
		decal_origin = 1.181205,0.008085,-3.513920,0xFEEC063F;
	  f far_plane = 1.100000;
	  x guid = 0x311FD785;
	  f horizontal_meters = 4.000000;
	  f lod = 1.000000;
	  f near_plane = 0.100000;
		texture = art\bitmaps\decals\b_d_for01-b.%img%;
	  f vertical_meters = 4.000000;
	}
	[t:decal,n:*]
	{
		decal_orientation = 0.000000,-1.000000,0.000000,0.000000,0.000000,-1.000000,1.000000,0.000000,0.000000;
		decal_origin = 2.421745,1.000000,0.134125,0x3CCAC693;
	  f far_plane = 1.100000;
	  x guid = 0x0CB3306C;
	  f horizontal_meters = 4.000000;
	  f lod = 1.000000;
	  f near_plane = 0.100000;
		texture = art\bitmaps\decals\b_d_for01-b.%img%;
	  f vertical_meters = 4.000000;
	}
	[t:decal,n:*]
	{
		decal_orientation = 0.000000,-1.000000,0.000000,0.000000,0.000000,-1.000000,1.000000,0.000000,0.000000;
		decal_origin = -0.389717,1.000000,-1.209976,0x5ADAAD9D;
	  f far_plane = 1.100000;
	  x guid = 0xC54CDCA0;
	  f horizontal_meters = 4.000000;
	  f lod = 1.000000;
	  f near_plane = 0.100000;
		texture = art\bitmaps\decals\b_d_for01-b.%img%;
	  f vertical_meters = 4.000000;
	}
	[t:decal,n:*]
	{
		decal_orientation = -1.000000,0.000000,0.000000,0.000000,0.000000,-1.000000,0.000000,-1.000000,0.000000;
		decal_origin = 0.252548,1.000000,-1.412216,0xEF810E02;
	  f far_plane = 1.100000;
	  x guid = 0x5EB0DBBE;
	  f horizontal_meters = 4.000000;
	  f lod = 1.000000;
	  f near_plane = 0.100000;
		texture = art\bitmaps\decals\b_d_for01-b.%img%;
	  f vertical_meters = 4.000000;
	}
	[t:decal,n:*]
	{
		decal_orientation = -1.000000,0.000000,0.000000,0.000000,0.000000,-1.000000,0.000000,-1.000000,0.000000;
		decal_origin = -1.414276,1.000000,0.684265,0xEF810E02;
	  f far_plane = 1.100000;
	  x guid = 0x27CAD281;
	  f horizontal_meters = 4.000000;
	  f lod = 1.000000;
	  f near_plane = 0.100000;
		texture = art\bitmaps\decals\b_d_for01-b.%img%;
	  f vertical_meters = 4.000000;
	}
	[t:decal,n:*]
	{
		decal_orientation = 0.312468,-0.949928,0.000000,0.000000,0.000000,-1.000000,0.949928,0.312468,0.000000;
		decal_origin = -0.290311,1.000000,0.728608,0x040F14F6;
	  f far_plane = 1.100000;
	  x guid = 0x00000000;
	  f horizontal_meters = 4.000000;
	  f lod = 1.000000;
	  f near_plane = 0.100000;
		texture = art\bitmaps\decals\b_d_for01-path.raw;
	  f vertical_meters = 4.000000;
	}
	[t:decal,n:*]
	{
		decal_orientation = 0.788248,0.615358,0.000000,0.000000,0.000000,-1.000000,-0.615358,0.788248,0.000000;
		decal_origin = 0.759251,1.000000,1.215554,0x060277BC;
	  f far_plane = 1.100000;
	  x guid = 0x00000000;
	  f horizontal_meters = 4.000000;
	  f lod = 1.000000;
	  f near_plane = 0.100000;
		texture = art\bitmaps\decals\b_d_for01-path.raw;
	  f vertical_meters = 4.000000;
	}
	[t:decal,n:*]
	{
		decal_orientation = 0.423131,0.906069,0.000000,0.000000,0.000000,-1.000000,-0.906069,0.423131,0.000000;
		decal_origin = 1.623667,1.000000,0.156180,0x087D632F;
	  f far_plane = 1.100000;
	  x guid = 0x00000000;
	  f horizontal_meters = 4.000000;
	  f lod = 1.000000;
	  f near_plane = 0.100000;
		texture = art\bitmaps\decals\b_d_for01-path.raw;
	  f vertical_meters = 4.000000;
	}
	[t:decal,n:*]
	{
		decal_orientation = 0.814016,-0.580843,0.000000,0.000000,0.000000,-1.000000,0.580843,0.814016,0.000000;
		decal_origin = 1.526022,1.000000,0.158153,0x09338CDE;
	  f far_plane = 1.100000;
	  x guid = 0x00000000;
	  f horizontal_meters = 4.000000;
	  f lod = 1.000000;
	  f near_plane = 0.100000;
		texture = art\bitmaps\decals\b_d_for01-path.raw;
	  f vertical_meters = 4.000000;
	}
	[t:decal,n:*]
	{
		decal_orientation = -0.989350,-0.145557,0.000000,0.000000,0.000000,-1.000000,0.145557,-0.989350,0.000000;
		decal_origin = 0.339617,1.000000,1.999221,0x0A9DB3E1;
	  f far_plane = 1.100000;
	  x guid = 0x00000000;
	  f horizontal_meters = 4.000000;
	  f lod = 1.000000;
	  f near_plane = 0.100000;
		texture = art\bitmaps\decals\b_d_for01-path.raw;
	  f vertical_meters = 4.000000;
	}
	[t:decal,n:*]
	{
		decal_orientation = 0.543465,0.839432,0.000000,0.000000,0.000000,-1.000000,-0.839432,0.543465,0.000000;
		decal_origin = 0.886103,1.000000,-1.295557,0x0B2423F3;
	  f far_plane = 1.100000;
	  x guid = 0x00000000;
	  f horizontal_meters = 4.000000;
	  f lod = 1.000000;
	  f near_plane = 0.100000;
		texture = art\bitmaps\decals\b_d_for01-path.raw;
	  f vertical_meters = 4.000000;
	}
	[t:decal,n:*]
	{
		decal_orientation = 0.085079,-0.996374,0.000000,0.000000,0.000000,-1.000000,0.996374,0.085079,0.000000;
		decal_origin = -1.436390,1.000000,-1.311091,0x0B2423F3;
	  f far_plane = 1.100000;
	  x guid = 0x00000000;
	  f horizontal_meters = 4.000000;
	  f lod = 1.000000;
	  f near_plane = 0.100000;
		texture = art\bitmaps\decals\b_d_for01-path.raw;
	  f vertical_meters = 4.000000;
	}
	[t:decal,n:*]
	{
		decal_orientation = -0.931582,0.363531,0.000000,0.000000,0.000000,-1.000000,-0.363531,-0.931582,0.000000;
		decal_origin = 1.706753,1.000000,0.032902,0x0B6F2560;
	  f far_plane = 1.100000;
	  x guid = 0x00000000;
	  f horizontal_meters = 4.000000;
	  f lod = 1.000000;
	  f near_plane = 0.100000;
		texture = art\bitmaps\decals\b_d_for02-path.raw;
	  f vertical_meters = 4.000000;
	}
	[t:decal,n:*]
	{
		decal_orientation = -0.802280,0.596948,0.000000,0.000000,0.000000,-1.000000,-0.596948,-0.802280,0.000000;
		decal_origin = 0.763924,1.000000,1.911257,0x0B9FC8CD;
	  f far_plane = 1.100000;
	  x guid = 0x00000000;
	  f horizontal_meters = 4.000000;
	  f lod = 1.000000;
	  f near_plane = 0.100000;
		texture = art\bitmaps\decals\b_d_for01-path.raw;
	  f vertical_meters = 4.000000;
	}
	[t:decal,n:*]
	{
		decal_orientation = 0.994972,-0.100152,0.000000,0.000000,0.000000,-1.000000,0.100152,0.994972,0.000000;
		decal_origin = -1.967134,1.000000,-0.549975,0x0C39016C;
	  f far_plane = 1.100000;
	  x guid = 0x00000000;
	  f horizontal_meters = 4.000000;
	  f lod = 1.000000;
	  f near_plane = 0.100000;
		texture = art\bitmaps\decals\b_d_for01-path.raw;
	  f vertical_meters = 4.000000;
	}
	[t:decal,n:*]
	{
		decal_orientation = -0.823585,0.567193,0.000000,0.000000,0.000000,-1.000000,-0.567193,-0.823585,0.000000;
		decal_origin = 0.842967,1.000000,0.600309,0x10D14380;
	  f far_plane = 1.100000;
	  x guid = 0x00000000;
	  f horizontal_meters = 4.000000;
	  f lod = 1.000000;
	  f near_plane = 0.100000;
		texture = art\bitmaps\decals\b_d_for01-path.raw;
	  f vertical_meters = 4.000000;
	}
	[t:decal,n:*]
	{
		decal_orientation = -0.096700,0.995314,0.000000,0.000000,0.000000,-1.000000,-0.995314,-0.096700,0.000000;
		decal_origin = -0.343319,1.000000,0.019526,0x111BC47E;
	  f far_plane = 1.100000;
	  x guid = 0x00000000;
	  f horizontal_meters = 4.000000;
	  f lod = 1.000000;
	  f near_plane = 0.100000;
		texture = art\bitmaps\decals\b_d_for01-path.raw;
	  f vertical_meters = 4.000000;
	}
	[t:decal,n:*]
	{
		decal_orientation = -0.958810,-0.284049,0.000000,0.000000,0.000000,-1.000000,0.284049,-0.958810,0.000000;
		decal_origin = -1.239472,1.000000,0.746192,0x1139E158;
	  f far_plane = 1.100000;
	  x guid = 0x00000000;
	  f horizontal_meters = 4.000000;
	  f lod = 1.000000;
	  f near_plane = 0.100000;
		texture = art\bitmaps\decals\b_d_for01-path.raw;
	  f vertical_meters = 4.000000;
	}
	[t:decal,n:*]
	{
		decal_orientation = -0.544286,0.838900,0.000000,0.000000,0.000000,-1.000000,-0.838900,-0.544286,0.000000;
		decal_origin = -1.959980,1.000000,-0.440543,0x122CF7F5;
	  f far_plane = 1.100000;
	  x guid = 0x00000000;
	  f horizontal_meters = 4.000000;
	  f lod = 1.000000;
	  f near_plane = 0.100000;
		texture = art\bitmaps\decals\b_d_for01-path.raw;
	  f vertical_meters = 4.000000;
	}
	[t:decal,n:*]
	{
		decal_orientation = 0.115050,0.993360,0.000000,0.000000,0.000000,-1.000000,-0.993360,0.115050,0.000000;
		decal_origin = 1.488483,1.000000,-1.106920,0x133CB431;
	  f far_plane = 1.100000;
	  x guid = 0x00000000;
	  f horizontal_meters = 4.000000;
	  f lod = 1.000000;
	  f near_plane = 0.100000;
		texture = art\bitmaps\decals\b_d_for01-path.raw;
	  f vertical_meters = 4.000000;
	}
	[t:decal,n:*]
	{
		decal_orientation = -0.709040,0.705168,0.000000,0.000000,0.000000,-1.000000,-0.705168,-0.709040,0.000000;
		decal_origin = 1.030979,1.000000,0.515022,0x133CB431;
	  f far_plane = 1.100000;
	  x guid = 0x00000000;
	  f horizontal_meters = 4.000000;
	  f lod = 1.000000;
	  f near_plane = 0.100000;
		texture = art\bitmaps\decals\b_d_for01-path.raw;
	  f vertical_meters = 4.000000;
	}
	[t:decal,n:*]
	{
		decal_orientation = 0.577029,0.816724,0.000000,0.000000,0.000000,-1.000000,-0.816724,0.577029,0.000000;
		decal_origin = -0.961789,1.000000,0.632604,0x140901A1;
	  f far_plane = 1.100000;
	  x guid = 0x00000000;
	  f horizontal_meters = 4.000000;
	  f lod = 1.000000;
	  f near_plane = 0.100000;
		texture = art\bitmaps\decals\b_d_for01-path.raw;
	  f vertical_meters = 4.000000;
	}
	[t:decal,n:*]
	{
		decal_orientation = -0.957725,-0.287686,0.000000,0.000000,0.000000,-1.000000,0.287686,-0.957725,0.000000;
		decal_origin = -1.897316,1.000000,-0.888592,0x1669D994;
	  f far_plane = 1.100000;
	  x guid = 0x00000000;
	  f horizontal_meters = 4.000000;
	  f lod = 1.000000;
	  f near_plane = 0.100000;
		texture = art\bitmaps\decals\b_d_for01-path.raw;
	  f vertical_meters = 4.000000;
	}
	[t:decal,n:*]
	{
		decal_orientation = 0.295310,0.955401,0.000000,0.000000,0.000000,-1.000000,-0.955401,0.295310,0.000000;
		decal_origin = 1.593934,1.000000,-1.339242,0x16DEB032;
	  f far_plane = 1.100000;
	  x guid = 0x00000000;
	  f horizontal_meters = 4.000000;
	  f lod = 1.000000;
	  f near_plane = 0.100000;
		texture = art\bitmaps\decals\b_d_for01-path.raw;
	  f vertical_meters = 4.000000;
	}
	[t:decal,n:*]
	{
		decal_orientation = 0.719997,0.693977,0.000000,0.000000,0.000000,-1.000000,-0.693977,0.719997,0.000000;
		decal_origin = -0.784766,1.000000,-0.103977,0x179A78C5;
	  f far_plane = 1.100000;
	  x guid = 0x00000000;
	  f horizontal_meters = 4.000000;
	  f lod = 1.000000;
	  f near_plane = 0.100000;
		texture = art\bitmaps\decals\b_d_for01-path.raw;
	  f vertical_meters = 4.000000;
	}
	[t:decal,n:*]
	{
		decal_orientation = 0.801472,-0.598033,0.000000,0.000000,0.000000,-1.000000,0.598033,0.801472,0.000000;
		decal_origin = 1.632350,1.000000,1.535881,0x179A78C5;
	  f far_plane = 1.100000;
	  x guid = 0x00000000;
	  f horizontal_meters = 4.000000;
	  f lod = 1.000000;
	  f near_plane = 0.100000;
		texture = art\bitmaps\decals\b_d_for01-path.raw;
	  f vertical_meters = 4.000000;
	}
	[t:decal,n:*]
	{
		decal_orientation = 0.984983,-0.172649,0.000000,0.000000,0.000000,-1.000000,0.172649,0.984983,0.000000;
		decal_origin = 0.620086,1.000000,-0.001867,0x194D3060;
	  f far_plane = 1.100000;
	  x guid = 0x00000000;
	  f horizontal_meters = 4.000000;
	  f lod = 1.000000;
	  f near_plane = 0.100000;
		texture = art\bitmaps\decals\b_d_for01-path.raw;
	  f vertical_meters = 4.000000;
	}
	[t:decal,n:*]
	{
		decal_orientation = -0.980608,0.195980,0.000000,0.000000,0.000000,-1.000000,-0.195980,-0.980608,0.000000;
		decal_origin = 1.661912,1.000000,-0.060719,0x1C489EA7;
	  f far_plane = 1.100000;
	  x guid = 0x00000000;
	  f horizontal_meters = 4.000000;
	  f lod = 1.000000;
	  f near_plane = 0.100000;
		texture = art\bitmaps\decals\b_d_for01-path.raw;
	  f vertical_meters = 4.000000;
	}
	[t:decal,n:*]
	{
		decal_orientation = -0.311764,0.950160,0.000000,0.000000,0.000000,-1.000000,-0.950160,-0.311764,0.000000;
		decal_origin = -0.179266,1.000000,0.957303,0x1D271C18;
	  f far_plane = 1.100000;
	  x guid = 0x00000000;
	  f horizontal_meters = 4.000000;
	  f lod = 1.000000;
	  f near_plane = 0.100000;
		texture = art\bitmaps\decals\b_d_for01-path.raw;
	  f vertical_meters = 4.000000;
	}
	[t:decal,n:*]
	{
		decal_orientation = 0.988578,-0.150709,0.000000,0.000000,0.000000,-1.000000,0.150709,0.988578,0.000000;
		decal_origin = -0.380815,1.000000,1.874504,0x1DBEEA12;
	  f far_plane = 1.100000;
	  x guid = 0x00000000;
	  f horizontal_meters = 4.000000;
	  f lod = 1.000000;
	  f near_plane = 0.100000;
		texture = art\bitmaps\decals\b_d_for01-path.raw;
	  f vertical_meters = 4.000000;
	}
	[t:decal,n:*]
	{
		decal_orientation = -0.514457,-0.857516,0.000000,0.000000,0.000000,-1.000000,0.857516,-0.514457,0.000000;
		decal_origin = 0.560805,1.000000,-1.901068,0x1DBEEA12;
	  f far_plane = 1.100000;
	  x guid = 0x00000000;
	  f horizontal_meters = 4.000000;
	  f lod = 1.000000;
	  f near_plane = 0.100000;
		texture = art\bitmaps\decals\b_d_for01-path.raw;
	  f vertical_meters = 4.000000;
	}
	[t:decal,n:*]
	{
		decal_orientation = 0.998833,-0.048289,0.000000,0.000000,0.000000,-1.000000,0.048289,0.998833,0.000000;
		decal_origin = -1.617065,1.000000,0.671309,0x1EC01865;
	  f far_plane = 1.100000;
	  x guid = 0x00000000;
	  f horizontal_meters = 4.000000;
	  f lod = 1.000000;
	  f near_plane = 0.100000;
		texture = art\bitmaps\decals\b_d_for01-path.raw;
	  f vertical_meters = 4.000000;
	}
	[t:decal,n:*]
	{
		decal_orientation = 0.755471,0.655182,0.000000,0.000000,0.000000,-1.000000,-0.655182,0.755471,0.000000;
		decal_origin = 0.174823,1.000000,0.894759,0x210089B8;
	  f far_plane = 1.100000;
	  x guid = 0x00000000;
	  f horizontal_meters = 4.000000;
	  f lod = 1.000000;
	  f near_plane = 0.100000;
		texture = art\bitmaps\decals\b_d_for01-path.raw;
	  f vertical_meters = 4.000000;
	}
	[t:decal,n:*]
	{
		decal_orientation = -0.945454,0.325754,0.000000,0.000000,0.000000,-1.000000,-0.325754,-0.945454,0.000000;
		decal_origin = -0.995181,1.000000,-1.550415,0x220AD970;
	  f far_plane = 1.100000;
	  x guid = 0x00000000;
	  f horizontal_meters = 4.000000;
	  f lod = 1.000000;
	  f near_plane = 0.100000;
		texture = art\bitmaps\decals\b_d_for01-path.raw;
	  f vertical_meters = 4.000000;
	}
	[t:decal,n:*]
	{
		decal_orientation = 0.589881,0.807490,0.000000,0.000000,0.000000,-1.000000,-0.807490,0.589881,0.000000;
		decal_origin = -1.370094,1.000000,1.403661,0x2431713F;
	  f far_plane = 1.100000;
	  x guid = 0x00000000;
	  f horizontal_meters = 4.000000;
	  f lod = 1.000000;
	  f near_plane = 0.100000;
		texture = art\bitmaps\decals\b_d_for01-path.raw;
	  f vertical_meters = 4.000000;
	}
	[t:decal,n:*]
	{
		decal_orientation = 0.549812,-0.835288,0.000000,0.000000,0.000000,-1.000000,0.835288,0.549812,0.000000;
		decal_origin = 1.694958,1.000000,-1.579022,0x2431713F;
	  f far_plane = 1.100000;
	  x guid = 0x00000000;
	  f horizontal_meters = 4.000000;
	  f lod = 1.000000;
	  f near_plane = 0.100000;
		texture = art\bitmaps\decals\b_d_for01-path.raw;
	  f vertical_meters = 4.000000;
	}
	[t:decal,n:*]
	{
		decal_orientation = 0.781254,0.624213,0.000000,0.000000,0.000000,-1.000000,-0.624213,0.781254,0.000000;
		decal_origin = -0.874426,1.000000,1.108603,0x24D1ACA5;
	  f far_plane = 1.100000;
	  x guid = 0x00000000;
	  f horizontal_meters = 4.000000;
	  f lod = 1.000000;
	  f near_plane = 0.100000;
		texture = art\bitmaps\decals\b_d_for01-path.raw;
	  f vertical_meters = 4.000000;
	}
	[t:decal,n:*]
	{
		decal_orientation = 0.880946,-0.473217,0.000000,0.000000,0.000000,-1.000000,0.473217,0.880946,0.000000;
		decal_origin = -0.589663,1.000000,0.627277,0x24D1ACA5;
	  f far_plane = 1.100000;
	  x guid = 0x00000000;
	  f horizontal_meters = 4.000000;
	  f lod = 1.000000;
	  f near_plane = 0.100000;
		texture = art\bitmaps\decals\b_d_for01-path.raw;
	  f vertical_meters = 4.000000;
	}
	[t:decal,n:*]
	{
		decal_orientation = -0.683349,0.730092,0.000000,0.000000,0.000000,-1.000000,-0.730092,-0.683349,0.000000;
		decal_origin = -0.368974,1.000000,1.116101,0x254D4BCE;
	  f far_plane = 1.100000;
	  x guid = 0x00000000;
	  f horizontal_meters = 4.000000;
	  f lod = 1.000000;
	  f near_plane = 0.100000;
		texture = art\bitmaps\decals\b_d_for01-path.raw;
	  f vertical_meters = 4.000000;
	}
	[t:decal,n:*]
	{
		decal_orientation = 0.877590,0.479411,0.000000,0.000000,0.000000,-1.000000,-0.479411,0.877590,0.000000;
		decal_origin = 1.725646,1.000000,-1.274263,0x25DB808D;
	  f far_plane = 1.100000;
	  x guid = 0x00000000;
	  f horizontal_meters = 4.000000;
	  f lod = 1.000000;
	  f near_plane = 0.100000;
		texture = art\bitmaps\decals\b_d_for01-path.raw;
	  f vertical_meters = 4.000000;
	}
	[t:decal,n:*]
	{
		decal_orientation = 0.677667,-0.735369,0.000000,0.000000,0.000000,-1.000000,0.735369,0.677667,0.000000;
		decal_origin = -1.727195,1.000000,1.366321,0x270F433D;
	  f far_plane = 1.100000;
	  x guid = 0x00000000;
	  f horizontal_meters = 4.000000;
	  f lod = 1.000000;
	  f near_plane = 0.100000;
		texture = art\bitmaps\decals\b_d_for01-path.raw;
	  f vertical_meters = 4.000000;
	}
	[t:decal,n:*]
	{
		decal_orientation = 0.837484,-0.546462,0.000000,0.000000,0.000000,-1.000000,0.546462,0.837484,0.000000;
		decal_origin = -0.671021,1.000000,0.239742,0x283A9243;
	  f far_plane = 1.100000;
	  x guid = 0x00000000;
	  f horizontal_meters = 4.000000;
	  f lod = 1.000000;
	  f near_plane = 0.100000;
		texture = art\bitmaps\decals\b_d_for01-path.raw;
	  f vertical_meters = 4.000000;
	}
	[t:decal,n:*]
	{
		decal_orientation = 0.971952,-0.235181,0.000000,0.000000,0.000000,-1.000000,0.235181,0.971952,0.000000;
		decal_origin = -1.807673,1.000000,-1.042937,0x2AE62011;
	  f far_plane = 1.100000;
	  x guid = 0x00000000;
	  f horizontal_meters = 4.000000;
	  f lod = 1.000000;
	  f near_plane = 0.100000;
		texture = art\bitmaps\decals\b_d_for01-path.raw;
	  f vertical_meters = 4.000000;
	}
	[t:decal,n:*]
	{
		decal_orientation = 0.082726,0.996572,0.000000,0.000000,0.000000,-1.000000,-0.996572,0.082726,0.000000;
		decal_origin = -0.482041,1.000000,0.605883,0x2AE62011;
	  f far_plane = 1.100000;
	  x guid = 0x00000000;
	  f horizontal_meters = 4.000000;
	  f lod = 1.000000;
	  f near_plane = 0.100000;
		texture = art\bitmaps\decals\b_d_for01-path.raw;
	  f vertical_meters = 4.000000;
	}
	[t:decal,n:*]
	{
		decal_orientation = -0.910844,0.412750,0.000000,0.000000,0.000000,-1.000000,-0.412750,-0.910844,0.000000;
		decal_origin = -0.438295,1.000000,0.749539,0x2B24ABEB;
	  f far_plane = 1.100000;
	  x guid = 0x00000000;
	  f horizontal_meters = 4.000000;
	  f lod = 1.000000;
	  f near_plane = 0.100000;
		texture = art\bitmaps\decals\b_d_for01-path.raw;
	  f vertical_meters = 4.000000;
	}
	[t:decal,n:*]
	{
		decal_orientation = 0.163575,-0.986531,0.000000,0.000000,0.000000,-1.000000,0.986531,0.163575,0.000000;
		decal_origin = 0.194659,1.000000,0.734402,0x2B24ABEB;
	  f far_plane = 1.100000;
	  x guid = 0x00000000;
	  f horizontal_meters = 4.000000;
	  f lod = 1.000000;
	  f near_plane = 0.100000;
		texture = art\bitmaps\decals\b_d_for01-path.raw;
	  f vertical_meters = 4.000000;
	}
	[t:decal,n:*]
	{
		decal_orientation = -0.817284,0.576235,0.000000,0.000000,0.000000,-1.000000,-0.576235,-0.817284,0.000000;
		decal_origin = 0.811284,1.000000,0.740025,0x2B9A5CFA;
	  f far_plane = 1.100000;
	  x guid = 0x00000000;
	  f horizontal_meters = 4.000000;
	  f lod = 1.000000;
	  f near_plane = 0.100000;
		texture = art\bitmaps\decals\b_d_for01-path.raw;
	  f vertical_meters = 4.000000;
	}
	[t:decal,n:*]
	{
		decal_orientation = -0.673719,-0.738988,0.000000,0.000000,0.000000,-1.000000,0.738988,-0.673719,0.000000;
		decal_origin = -1.774131,1.000000,0.040596,0x2B9A5CFA;
	  f far_plane = 1.100000;
	  x guid = 0x00000000;
	  f horizontal_meters = 4.000000;
	  f lod = 1.000000;
	  f near_plane = 0.100000;
		texture = art\bitmaps\decals\b_d_for01-path.raw;
	  f vertical_meters = 4.000000;
	}
	[t:decal,n:*]
	{
		decal_orientation = -0.849385,0.527774,0.000000,0.000000,0.000000,-1.000000,-0.527774,-0.849385,0.000000;
		decal_origin = 1.081622,1.000000,0.995032,0x2CA57D3F;
	  f far_plane = 1.100000;
	  x guid = 0x00000000;
	  f horizontal_meters = 4.000000;
	  f lod = 1.000000;
	  f near_plane = 0.100000;
		texture = art\bitmaps\decals\b_d_for01-path.raw;
	  f vertical_meters = 4.000000;
	}
	[t:decal,n:*]
	{
		decal_orientation = 0.047623,0.998865,0.000000,0.000000,0.000000,-1.000000,-0.998865,0.047623,0.000000;
		decal_origin = -0.729224,1.000000,-0.979432,0x2D1CCF9C;
	  f far_plane = 1.100000;
	  x guid = 0x00000000;
	  f horizontal_meters = 4.000000;
	  f lod = 1.000000;
	  f near_plane = 0.100000;
		texture = art\bitmaps\decals\b_d_for01-path.raw;
	  f vertical_meters = 4.000000;
	}
	[t:decal,n:*]
	{
		decal_orientation = 0.999259,-0.038494,0.000000,0.000000,0.000000,-1.000000,0.038494,0.999259,0.000000;
		decal_origin = 1.450482,1.000000,0.904093,0x2D1CCF9C;
	  f far_plane = 1.100000;
	  x guid = 0x00000000;
	  f horizontal_meters = 4.000000;
	  f lod = 1.000000;
	  f near_plane = 0.100000;
		texture = art\bitmaps\decals\b_d_for01-path.raw;
	  f vertical_meters = 4.000000;
	}
	[t:decal,n:*]
	{
		decal_orientation = -0.498567,0.866851,0.000000,0.000000,0.000000,-1.000000,-0.866851,-0.498567,0.000000;
		decal_origin = -1.356404,1.000000,-0.422094,0x2D23B52B;
	  f far_plane = 1.100000;
	  x guid = 0x00000000;
	  f horizontal_meters = 4.000000;
	  f lod = 1.000000;
	  f near_plane = 0.100000;
		texture = art\bitmaps\decals\b_d_for01-path.raw;
	  f vertical_meters = 4.000000;
	}
	[t:decal,n:*]
	{
		decal_orientation = -0.119317,-0.992856,0.000000,0.000000,0.000000,-1.000000,0.992856,-0.119317,0.000000;
		decal_origin = 0.307472,1.000000,1.020716,0x2D72034A;
	  f far_plane = 1.100000;
	  x guid = 0x00000000;
	  f horizontal_meters = 4.000000;
	  f lod = 1.000000;
	  f near_plane = 0.100000;
		texture = art\bitmaps\decals\b_d_for01-path.raw;
	  f vertical_meters = 4.000000;
	}
	[t:decal,n:*]
	{
		decal_orientation = -0.778286,0.627910,0.000000,0.000000,0.000000,-1.000000,-0.627910,-0.778286,0.000000;
		decal_origin = -1.538960,1.000000,-1.749242,0x2DA01640;
	  f far_plane = 1.100000;
	  x guid = 0x00000000;
	  f horizontal_meters = 4.000000;
	  f lod = 1.000000;
	  f near_plane = 0.100000;
		texture = art\bitmaps\decals\b_d_for01-path.raw;
	  f vertical_meters = 4.000000;
	}
	[t:decal,n:*]
	{
		decal_orientation = 0.997362,0.072584,0.000000,0.000000,0.000000,-1.000000,-0.072584,0.997362,0.000000;
		decal_origin = -0.519816,1.000000,-1.787185,0x2DA01640;
	  f far_plane = 1.100000;
	  x guid = 0x00000000;
	  f horizontal_meters = 4.000000;
	  f lod = 1.000000;
	  f near_plane = 0.100000;
		texture = art\bitmaps\decals\b_d_for01-path.raw;
	  f vertical_meters = 4.000000;
	}
	[t:decal,n:*]
	{
		decal_orientation = -0.423567,-0.905865,0.000000,0.000000,0.000000,-1.000000,0.905865,-0.423567,0.000000;
		decal_origin = -0.995162,1.000000,0.724312,0x3112BF7E;
	  f far_plane = 1.100000;
	  x guid = 0x00000000;
	  f horizontal_meters = 4.000000;
	  f lod = 1.000000;
	  f near_plane = 0.100000;
		texture = art\bitmaps\decals\b_d_for01-path.raw;
	  f vertical_meters = 4.000000;
	}
	[t:decal,n:*]
	{
		decal_orientation = 0.822134,0.569294,0.000000,0.000000,0.000000,-1.000000,-0.569294,0.822134,0.000000;
		decal_origin = 0.652813,1.000000,-1.963830,0x3353D96E;
	  f far_plane = 1.100000;
	  x guid = 0x00000000;
	  f horizontal_meters = 4.000000;
	  f lod = 1.000000;
	  f near_plane = 0.100000;
		texture = art\bitmaps\decals\b_d_for01-path.raw;
	  f vertical_meters = 4.000000;
	}
	[t:decal,n:*]
	{
		decal_orientation = 0.798297,0.602263,0.000000,0.000000,0.000000,-1.000000,-0.602263,0.798297,0.000000;
		decal_origin = 0.561692,1.000000,1.755436,0x3353D96E;
	  f far_plane = 1.100000;
	  x guid = 0x00000000;
	  f horizontal_meters = 4.000000;
	  f lod = 1.000000;
	  f near_plane = 0.100000;
		texture = art\bitmaps\decals\b_d_for01-path.raw;
	  f vertical_meters = 4.000000;
	}
	[t:decal,n:*]
	{
		decal_orientation = 0.670696,-0.741732,0.000000,0.000000,0.000000,-1.000000,0.741732,0.670696,0.000000;
		decal_origin = 1.089482,1.000000,-0.865529,0x36BB28C9;
	  f far_plane = 1.100000;
	  x guid = 0x00000000;
	  f horizontal_meters = 4.000000;
	  f lod = 1.000000;
	  f near_plane = 0.100000;
		texture = art\bitmaps\decals\b_d_for01-path.raw;
	  f vertical_meters = 4.000000;
	}
	[t:decal,n:*]
	{
		decal_orientation = -0.163852,-0.986485,0.000000,0.000000,0.000000,-1.000000,0.986485,-0.163852,0.000000;
		decal_origin = 0.646048,1.000000,-0.426707,0x3C2BDE03;
	  f far_plane = 1.100000;
	  x guid = 0x00000000;
	  f horizontal_meters = 4.000000;
	  f lod = 1.000000;
	  f near_plane = 0.100000;
		texture = art\bitmaps\decals\b_d_for01-path.raw;
	  f vertical_meters = 4.000000;
	}
	[t:decal,n:*]
	{
		decal_orientation = -0.993508,0.113765,0.000000,0.000000,0.000000,-1.000000,-0.113765,-0.993508,0.000000;
		decal_origin = 1.122735,1.000000,-0.180374,0x3D636D6E;
	  f far_plane = 1.100000;
	  x guid = 0x00000000;
	  f horizontal_meters = 4.000000;
	  f lod = 1.000000;
	  f near_plane = 0.100000;
		texture = art\bitmaps\decals\b_d_for01-path.raw;
	  f vertical_meters = 4.000000;
	}
	[t:decal,n:*]
	{
		decal_orientation = 0.794694,-0.607010,0.000000,0.000000,0.000000,-1.000000,0.607010,0.794694,0.000000;
		decal_origin = 1.804691,1.000000,0.870437,0x3DB4483D;
	  f far_plane = 1.100000;
	  x guid = 0x00000000;
	  f horizontal_meters = 4.000000;
	  f lod = 1.000000;
	  f near_plane = 0.100000;
		texture = art\bitmaps\decals\b_d_for01-path.raw;
	  f vertical_meters = 4.000000;
	}
	[t:decal,n:*]
	{
		decal_orientation = -0.941638,-0.336627,0.000000,0.000000,0.000000,-1.000000,0.336627,-0.941638,0.000000;
		decal_origin = -1.214366,1.000000,1.426242,0x3E532807;
	  f far_plane = 1.100000;
	  x guid = 0x00000000;
	  f horizontal_meters = 4.000000;
	  f lod = 1.000000;
	  f near_plane = 0.100000;
		texture = art\bitmaps\decals\b_d_for01-path.raw;
	  f vertical_meters = 4.000000;
	}
	[t:decal,n:*]
	{
		decal_orientation = -0.874667,-0.484724,0.000000,0.000000,0.000000,-1.000000,0.484724,-0.874667,0.000000;
		decal_origin = -1.358679,1.000000,-1.830217,0x3E91635C;
	  f far_plane = 1.100000;
	  x guid = 0x00000000;
	  f horizontal_meters = 4.000000;
	  f lod = 1.000000;
	  f near_plane = 0.100000;
		texture = art\bitmaps\decals\b_d_for01-path.raw;
	  f vertical_meters = 4.000000;
	}
	[t:decal,n:*]
	{
		decal_orientation = -0.998308,0.058156,0.000000,0.000000,0.000000,-1.000000,-0.058156,-0.998308,0.000000;
		decal_origin = -0.183207,1.000000,0.099561,0x3F2CDA38;
	  f far_plane = 1.100000;
	  x guid = 0x00000000;
	  f horizontal_meters = 4.000000;
	  f lod = 1.000000;
	  f near_plane = 0.100000;
		texture = art\bitmaps\decals\b_d_for01-path.raw;
	  f vertical_meters = 4.000000;
	}
	[t:decal,n:*]
	{
		decal_orientation = 0.342557,-0.939497,0.000000,0.000000,0.000000,-1.000000,0.939497,0.342557,0.000000;
		decal_origin = -0.917487,1.000000,-0.186547,0x3F4C6664;
	  f far_plane = 1.100000;
	  x guid = 0x00000000;
	  f horizontal_meters = 4.000000;
	  f lod = 1.000000;
	  f near_plane = 0.100000;
		texture = art\bitmaps\decals\b_d_for01-path.raw;
	  f vertical_meters = 4.000000;
	}
	[t:decal,n:*]
	{
		decal_orientation = -0.772877,0.634556,0.000000,0.000000,0.000000,-1.000000,-0.634556,-0.772877,0.000000;
		decal_origin = 1.774113,1.000000,0.550882,0x3F56A2B9;
	  f far_plane = 1.100000;
	  x guid = 0x00000000;
	  f horizontal_meters = 4.000000;
	  f lod = 1.000000;
	  f near_plane = 0.100000;
		texture = art\bitmaps\decals\b_d_for01-path.raw;
	  f vertical_meters = 4.000000;
	}
	[t:decal,n:*]
	{
		decal_orientation = -0.631753,0.775170,0.000000,0.000000,0.000000,-1.000000,-0.775170,-0.631753,0.000000;
		decal_origin = 0.804967,1.000000,-0.102171,0x41D64D94;
	  f far_plane = 1.100000;
	  x guid = 0x00000000;
	  f horizontal_meters = 4.000000;
	  f lod = 1.000000;
	  f near_plane = 0.100000;
		texture = art\bitmaps\decals\b_d_for01-path.raw;
	  f vertical_meters = 4.000000;
	}
	[t:decal,n:*]
	{
		decal_orientation = -0.387797,0.921745,0.000000,0.000000,0.000000,-1.000000,-0.921745,-0.387797,0.000000;
		decal_origin = -0.664889,1.000000,-1.572059,0x43E52A58;
	  f far_plane = 1.100000;
	  x guid = 0x00000000;
	  f horizontal_meters = 4.000000;
	  f lod = 1.000000;
	  f near_plane = 0.100000;
		texture = art\bitmaps\decals\b_d_for01-path.raw;
	  f vertical_meters = 4.000000;
	}
	[t:decal,n:*]
	{
		decal_orientation = -0.513429,-0.858132,0.000000,0.000000,0.000000,-1.000000,0.858132,-0.513429,0.000000;
		decal_origin = 0.795892,1.000000,-1.646796,0x461142C7;
	  f far_plane = 1.100000;
	  x guid = 0x00000000;
	  f horizontal_meters = 4.000000;
	  f lod = 1.000000;
	  f near_plane = 0.100000;
		texture = art\bitmaps\decals\b_d_for01-path.raw;
	  f vertical_meters = 4.000000;
	}
	[t:decal,n:*]
	{
		decal_orientation = 0.237050,-0.971498,0.000000,0.000000,0.000000,-1.000000,0.971498,0.237050,0.000000;
		decal_origin = 1.903071,1.000000,-1.168741,0x48F0ED06;
	  f far_plane = 1.100000;
	  x guid = 0x00000000;
	  f horizontal_meters = 4.000000;
	  f lod = 1.000000;
	  f near_plane = 0.100000;
		texture = art\bitmaps\decals\b_d_for01-path.raw;
	  f vertical_meters = 4.000000;
	}
	[t:decal,n:*]
	{
		decal_orientation = -0.778161,0.628065,0.000000,0.000000,0.000000,-1.000000,-0.628065,-0.778161,0.000000;
		decal_origin = 1.129930,1.000000,-1.140049,0x4AC4895C;
	  f far_plane = 1.100000;
	  x guid = 0x00000000;
	  f horizontal_meters = 4.000000;
	  f lod = 1.000000;
	  f near_plane = 0.100000;
		texture = art\bitmaps\decals\b_d_for01-path.raw;
	  f vertical_meters = 4.000000;
	}
	[t:decal,n:*]
	{
		decal_orientation = -0.826686,0.562663,0.000000,0.000000,0.000000,-1.000000,-0.562663,-0.826686,0.000000;
		decal_origin = 1.103292,1.000000,0.131996,0x4EE9114E;
	  f far_plane = 1.100000;
	  x guid = 0x00000000;
	  f horizontal_meters = 4.000000;
	  f lod = 1.000000;
	  f near_plane = 0.100000;
		texture = art\bitmaps\decals\b_d_for01-path.raw;
	  f vertical_meters = 4.000000;
	}
	[t:decal,n:*]
	{
		decal_orientation = 0.955524,-0.294914,0.000000,0.000000,0.000000,-1.000000,0.294914,0.955524,0.000000;
		decal_origin = 1.319050,1.000000,-1.548479,0x50119385;
	  f far_plane = 1.100000;
	  x guid = 0x00000000;
	  f horizontal_meters = 4.000000;
	  f lod = 1.000000;
	  f near_plane = 0.100000;
		texture = art\bitmaps\decals\b_d_for01-path.raw;
	  f vertical_meters = 4.000000;
	}
	[t:decal,n:*]
	{
		decal_orientation = 0.956240,0.292583,0.000000,0.000000,0.000000,-1.000000,-0.292583,0.956240,0.000000;
		decal_origin = 1.749377,1.000000,0.754520,0x5110153E;
	  f far_plane = 1.100000;
	  x guid = 0x00000000;
	  f horizontal_meters = 4.000000;
	  f lod = 1.000000;
	  f near_plane = 0.100000;
		texture = art\bitmaps\decals\b_d_for01-path.raw;
	  f vertical_meters = 4.000000;
	}
	[t:decal,n:*]
	{
		decal_orientation = -0.750939,0.660371,0.000000,0.000000,0.000000,-1.000000,-0.660371,-0.750939,0.000000;
		decal_origin = 1.480684,1.000000,-0.816754,0x5203F04B;
	  f far_plane = 1.100000;
	  x guid = 0x00000000;
	  f horizontal_meters = 4.000000;
	  f lod = 1.000000;
	  f near_plane = 0.100000;
		texture = art\bitmaps\decals\b_d_for01-path.raw;
	  f vertical_meters = 4.000000;
	}
	[t:decal,n:*]
	{
