[decals]
{
	[t:decal,n:*]
	{
		decal_orientation = -0.242536,0.961108,0.132092,0.000000,0.136157,-0.990687,-0.970142,-0.240277,-0.033023;
		decal_origin = -1.350581,0.842734,-1.402223,0xA038E279;
	  f far_plane = 1.100000;
	  x guid = 0x76385FEE;
	  f horizontal_meters = 4.000000;
	  f lod = 1.000000;
	  f near_plane = 0.100000;
		texture = Art\Bitmaps\Decals\b_d_for01-a.%img%;
	  f vertical_meters = 4.000000;
	}
	[t:decal,n:*]
	{
		decal_orientation = -1.000000,0.000000,0.000000,0.000000,0.287348,-0.957826,0.000000,-0.957826,-0.287348;
		decal_origin = -0.870214,0.799284,-0.184178,0xA038E279;
	  f far_plane = 1.100000;
	  x guid = 0xC43592F1;
	  f horizontal_meters = 4.000000;
	  f lod = 1.000000;
	  f near_plane = 0.100000;
		texture = Art\Bitmaps\Decals\b_d_for01-a.%img%;
	  f vertical_meters = 4.000000;
	}
	[t:decal,n:*]
	{
		decal_orientation = 0.894427,-0.442326,-0.065938,0.000000,0.147442,-0.989071,0.447214,0.884652,0.131876;
		decal_origin = -0.652896,0.810581,-2.579958,0xA038E279;
	  f far_plane = 1.100000;
	  x guid = 0x8329BCD1;
	  f horizontal_meters = 4.000000;
	  f lod = 1.000000;
	  f near_plane = 0.100000;
		texture = Art\Bitmaps\Decals\b_d_for01-a.%img%;
	  f vertical_meters = 4.000000;
	}
	[t:decal,n:*]
	{
		decal_orientation = -0.707107,-0.615457,-0.348155,0.000000,0.492366,-0.870388,0.707107,-0.615458,-0.348155;
		decal_origin = 3.155443,0.639439,1.368249,0x6924C9DA;
	  f far_plane = 1.100000;
	  x guid = 0x3DCCAD83;
	  f horizontal_meters = 4.000000;
	  f lod = 1.000000;
	  f near_plane = 0.100000;
		texture = Art\Bitmaps\Decals\b_d_for01-a.%img%;
	  f vertical_meters = 4.000000;
	}
	[t:decal,n:*]
	{
		decal_orientation = 0.000000,-0.980581,-0.196116,0.000000,0.196116,-0.980581,1.000000,0.000000,0.000000;
		decal_origin = 2.594275,1.000947,0.539245,0x6924C9DA;
	  f far_plane = 1.100000;
	  x guid = 0xACFD1ADD;
	  f horizontal_meters = 4.000000;
	  f lod = 1.000000;
	  f near_plane = 0.100000;
		texture = Art\Bitmaps\Decals\b_d_for01-a.%img%;
	  f vertical_meters = 4.000000;
	}
	[t:decal,n:*]
	{
		decal_orientation = 0.000000,0.928477,0.371391,0.000000,0.371391,-0.928477,-1.000000,0.000000,0.000000;
		decal_origin = 1.619890,1.024989,0.820116,0x6924C9DA;
	  f far_plane = 1.100000;
	  x guid = 0x6FA60BA3;
	  f horizontal_meters = 4.000000;
	  f lod = 1.000000;
	  f near_plane = 0.100000;
		texture = Art\Bitmaps\Decals\b_d_for01-a.%img%;
	  f vertical_meters = 4.000000;
	}
	[t:decal,n:*]
	{
		decal_orientation = -0.707107,-0.615457,-0.348155,0.000000,0.492366,-0.870388,0.707107,-0.615458,-0.348155;
		decal_origin = 2.380536,0.864922,1.579446,0x6924C9DA;
	  f far_plane = 1.100000;
	  x guid = 0xB16AF645;
	  f horizontal_meters = 4.000000;
	  f lod = 1.000000;
	  f near_plane = 0.100000;
		texture = Art\Bitmaps\Decals\b_d_for01-a.%img%;
	  f vertical_meters = 4.000000;
	}
	[t:decal,n:*]
	{
		decal_orientation = 0.000000,-1.000000,0.000000,0.000000,0.000000,-1.000000,1.000000,0.000000,0.000000;
		decal_origin = 1.481955,0.700001,1.551147,0x6924C9DA;
	  f far_plane = 1.100000;
	  x guid = 0x58AB87E8;
	  f horizontal_meters = 4.000000;
	  f lod = 1.000000;
	  f near_plane = 0.100000;
		texture = Art\Bitmaps\Decals\b_d_for01-a.%img%;
	  f vertical_meters = 4.000000;
	}
	[t:decal,n:*]
	{
		decal_orientation = -0.242536,0.961108,0.132092,0.000000,0.136157,-0.990687,-0.970142,-0.240277,-0.033023;
		decal_origin = -0.997922,0.896689,-1.610398,0xE99B9021;
	  f far_plane = 1.100000;
	  x guid = 0x5459F65B;
	  f horizontal_meters = 4.000000;
	  f lod = 1.000000;
	  f near_plane = 0.100000;
		texture = Art\Bitmaps\Decals\b_d_for01-a.%img%;
	  f vertical_meters = 4.000000;
	}
	[t:decal,n:*]
	{
		decal_orientation = -0.242536,0.961108,0.132092,0.000000,0.136157,-0.990687,-0.970142,-0.240277,-0.033023;
		decal_origin = -0.979225,0.905642,-1.804203,0xE99B9021;
	  f far_plane = 1.100000;
	  x guid = 0x9409F851;
	  f horizontal_meters = 4.000000;
	  f lod = 1.000000;
	  f near_plane = 0.100000;
		texture = Art\Bitmaps\Decals\b_d_for01-a.%img%;
	  f vertical_meters = 4.000000;
	}
	[t:decal,n:*]
	{
		decal_orientation = 0.894427,-0.442326,-0.065938,0.000000,0.147442,-0.989071,0.447214,0.884652,0.131876;
		decal_origin = -0.734333,0.823768,-2.521787,0xE99B9021;
	  f far_plane = 1.100000;
	  x guid = 0x9381AF16;
	  f horizontal_meters = 4.000000;
	  f lod = 1.000000;
	  f near_plane = 0.100000;
		texture = Art\Bitmaps\Decals\b_d_for01-a.%img%;
	  f vertical_meters = 4.000000;
	}
	[t:decal,n:*]
	{
		decal_orientation = -1.000000,0.000000,0.000000,0.000000,0.287348,-0.957826,0.000000,-0.957826,-0.287348;
		decal_origin = -0.485049,0.770719,-0.088955,0xE99B9021;
	  f far_plane = 1.100000;
	  x guid = 0xECC65208;
	  f horizontal_meters = 4.000000;
	  f lod = 1.000000;
	  f near_plane = 0.100000;
		texture = Art\Bitmaps\Decals\b_d_for01-a.%img%;
	  f vertical_meters = 4.000000;
	}
	[t:decal,n:*]
	{
		decal_orientation = 0.000000,-1.000000,0.000000,0.000000,0.000000,-1.000000,1.000000,0.000000,0.000000;
		decal_origin = -1.152962,0.700003,0.858180,0x49952033;
	  f far_plane = 1.100000;
	  x guid = 0x1DEBE96D;
	  f horizontal_meters = 4.000000;
	  f lod = 1.000000;
	  f near_plane = 0.100000;
		texture = Art\Bitmaps\Decals\b_d_for01-a.%img%;
	  f vertical_meters = 4.000000;
	}
	[t:decal,n:*]
	{
		decal_orientation = 0.000000,-1.000000,0.000000,0.000000,0.000000,-1.000000,1.000000,0.000000,0.000000;
		decal_origin = -2.175189,0.699999,0.007776,0xCBCD70BD;
	  f far_plane = 1.100000;
	  x guid = 0xFDE62B8E;
	  f horizontal_meters = 4.000000;
	  f lod = 1.000000;
	  f near_plane = 0.100000;
		texture = Art\Bitmaps\Decals\b_d_for01-a.%img%;
	  f vertical_meters = 4.000000;
	}
	[t:decal,n:*]
	{
		decal_orientation = 0.000000,-1.000000,0.000000,0.000000,0.000000,-1.000000,1.000000,0.000000,0.000000;
		decal_origin = -0.822251,0.700001,0.532127,0xA2A46261;
	  f far_plane = 1.100000;
	  x guid = 0x6C814402;
	  f horizontal_meters = 4.000000;
	  f lod = 1.000000;
	  f near_plane = 0.100000;
		texture = Art\Bitmaps\Decals\b_d_for01-a.%img%;
	  f vertical_meters = 4.000000;
	}
	[t:decal,n:*]
	{
		decal_orientation = -1.000000,0.000000,0.000000,0.000000,0.000000,-1.000000,0.000000,-1.000000,0.000000;
		decal_origin = 2.358921,0.999997,-2.645752,0x88FAD160;
	  f far_plane = 1.100000;
	  x guid = 0x0C90BD5D;
	  f horizontal_meters = 5.000000;
	  f lod = 1.000000;
	  f near_plane = 0.100000;
		texture = Art\Bitmaps\Decals\b_d_dirt-a.%img%;
	  f vertical_meters = 5.000000;
	}
	[t:decal,n:*]
	{
		decal_orientation = 0.000000,-1.000000,0.000000,0.000000,0.000000,-1.000000,1.000000,0.000000,0.000000;
		decal_origin = 0.767704,0.699997,3.025099,0xB95D9A4F;
	  f far_plane = 1.100000;
	  x guid = 0xE5EC9E22;
	  f horizontal_meters = 4.000000;
	  f lod = 1.000000;
	  f near_plane = 0.100000;
		texture = Art\Bitmaps\Decals\b_d_for01-a.%img%;
	  f vertical_meters = 4.000000;
	}
	[t:decal,n:*]
	{
		decal_orientation = -1.000000,0.000000,0.000000,0.000000,0.287348,-0.957826,0.000000,-0.957826,-0.287348;
		decal_origin = 0.359020,0.910234,-0.553993,0x3206B40F;
	  f far_plane = 1.100000;
	  x guid = 0x8C4FBEBF;
	  f horizontal_meters = 4.000000;
	  f lod = 1.000000;
	  f near_plane = 0.100000;
		texture = Art\Bitmaps\Decals\b_d_for01-a.%img%;
	  f vertical_meters = 4.000000;
	}
	[t:decal,n:*]
	{
		decal_orientation = -0.554700,0.782727,0.282216,0.000000,0.339182,-0.940721,-0.832050,-0.521818,-0.188144;
		decal_origin = -0.588635,0.923013,-1.182933,0x3206B40F;
	  f far_plane = 1.100000;
	  x guid = 0xCBE58C36;
	  f horizontal_meters = 4.000000;
	  f lod = 1.000000;
	  f near_plane = 0.100000;
		texture = Art\Bitmaps\Decals\b_d_for01-a.%img%;
	  f vertical_meters = 4.000000;
	}
	[t:decal,n:*]
	{
		decal_orientation = 0.857493,0.444457,0.259161,0.000000,0.503717,-0.863868,-0.514496,0.740761,0.431934;
		decal_origin = -0.304971,0.854030,-2.824132,0x3206B40F;
	  f far_plane = 1.100000;
	  x guid = 0x7FFD50C6;
	  f horizontal_meters = 4.000000;
	  f lod = 1.000000;
	  f near_plane = 0.100000;
		texture = Art\Bitmaps\Decals\b_d_for01-a.%img%;
	  f vertical_meters = 4.000000;
	}
	[t:decal,n:*]
	{
		decal_orientation = 1.000000,0.000000,0.000000,0.000000,0.514496,-0.857493,0.000000,0.857493,0.514496;
		decal_origin = 0.866007,1.015223,-2.751604,0x3206B40F;
	  f far_plane = 1.100000;
	  x guid = 0x4602919A;
	  f horizontal_meters = 4.000000;
	  f lod = 1.000000;
	  f near_plane = 0.100000;
		texture = Art\Bitmaps\Decals\b_d_for01-a.%img%;
	  f vertical_meters = 4.000000;
	}
	[t:decal,n:*]
	{
		decal_orientation = 0.447214,-0.816497,-0.365148,0.000000,0.408248,-0.912871,0.894427,0.408248,0.182574;
		decal_origin = 2.150483,0.922049,-2.066012,0x3206B40F;
	  f far_plane = 1.100000;
	  x guid = 0x9F0A07B5;
	  f horizontal_meters = 4.000000;
	  f lod = 1.000000;
	  f near_plane = 0.100000;
		texture = Art\Bitmaps\Decals\b_d_for01-a.%img%;
	  f vertical_meters = 4.000000;
	}
	[t:decal,n:*]
	{
		decal_orientation = 0.000000,0.928477,0.371391,0.000000,0.371391,-0.928477,-1.000000,0.000000,0.000000;
		decal_origin = -2.924965,0.807047,1.544258,0x5276BC0C;
	  f far_plane = 1.100000;
	  x guid = 0xBEA6D5B8;
	  f horizontal_meters = 4.000000;
	  f lod = 1.000000;
	  f near_plane = 0.100000;
		texture = Art\Bitmaps\Decals\b_d_for01-a.%img%;
	  f vertical_meters = 4.000000;
	}
	[t:decal,n:*]
	{
		decal_orientation = 1.000000,0.000000,0.000000,0.000000,0.371391,-0.928477,0.000000,0.928477,0.371391;
		decal_origin = -2.329526,0.737723,0.901733,0x5276BC0C;
	  f far_plane = 1.100000;
	  x guid = 0x1045F63B;
	  f horizontal_meters = 4.000000;
	  f lod = 1.000000;
	  f near_plane = 0.100000;
		texture = Art\Bitmaps\Decals\b_d_for01-a.%img%;
	  f vertical_meters = 4.000000;
	}
	[t:decal,n:*]
	{
		decal_orientation = -1.000000,0.000000,0.000000,0.000000,0.371391,-0.928477,0.000000,-0.928477,-0.371391;
		decal_origin = -1.856850,0.888380,2.721633,0x5276BC0C;
	  f far_plane = 1.100000;
	  x guid = 0x2C0DC9DA;
	  f horizontal_meters = 4.000000;
	  f lod = 1.000000;
	  f near_plane = 0.100000;
		texture = Art\Bitmaps\Decals\b_d_for01-a.%img%;
	  f vertical_meters = 4.000000;
	}
	[t:decal,n:*]
	{
		decal_orientation = 0.894427,-0.442326,-0.065938,0.000000,0.147442,-0.989071,0.447214,0.884652,0.131876;
		decal_origin = -0.880063,0.858570,-2.333623,0x53541F35;
	  f far_plane = 1.100000;
	  x guid = 0x0C175DEB;
	  f horizontal_meters = 4.000000;
	  f lod = 1.000000;
	  f near_plane = 0.100000;
		texture = Art\Bitmaps\Decals\b_d_for01-a.%img%;
	  f vertical_meters = 4.000000;
	}
	[t:decal,n:*]
	{
		decal_orientation = -0.242536,0.961108,0.132092,0.000000,0.136157,-0.990687,-0.970142,-0.240277,-0.033023;
		decal_origin = -1.332598,0.833773,-1.061464,0x53541F35;
	  f far_plane = 1.100000;
	  x guid = 0x3C773030;
	  f horizontal_meters = 4.000000;
	  f lod = 1.000000;
	  f near_plane = 0.100000;
		texture = Art\Bitmaps\Decals\b_d_for01-a.%img%;
	  f vertical_meters = 4.000000;
	}
	[t:decal,n:*]
	{
		decal_orientation = -1.000000,0.000000,0.000000,0.000000,0.287348,-0.957826,0.000000,-0.957826,-0.287348;
		decal_origin = -0.510364,0.764867,-0.069456,0x53541F35;
	  f far_plane = 1.100000;
	  x guid = 0x45D2FF8A;
	  f horizontal_meters = 4.000000;
	  f lod = 1.000000;
	  f near_plane = 0.100000;
		texture = Art\Bitmaps\Decals\b_d_for01-a.%img%;
	  f vertical_meters = 4.000000;
	}
	[t:decal,n:*]
	{
		decal_orientation = 0.000000,-1.000000,0.000000,0.000000,0.000000,-1.000000,1.000000,0.000000,0.000000;
		decal_origin = -0.483736,0.700001,-3.509022,0xCBDBD6A2;
	  f far_plane = 1.100000;
	  x guid = 0xE141E375;
	  f horizontal_meters = 4.000000;
	  f lod = 1.000000;
	  f near_plane = 0.100000;
		texture = Art\Bitmaps\Decals\b_d_for01-a.%img%;
	  f vertical_meters = 4.000000;
	}
	[t:decal,n:*]
	{
		decal_orientation = 0.980581,0.174714,0.089087,0.000000,0.454257,-0.890871,-0.196116,0.873571,0.445435;
		decal_origin = -1.144922,0.960611,1.305210,0x4E121C1E;
	  f far_plane = 1.100000;
	  x guid = 0x61742416;
	  f horizontal_meters = 4.000000;
	  f lod = 1.000000;
	  f near_plane = 0.100000;
		texture = Art\Bitmaps\Decals\b_d_for01-a.%img%;
	  f vertical_meters = 4.000000;
	}
	[t:decal,n:*]
	{
		decal_orientation = -0.707107,-0.577350,-0.408248,0.000000,0.577350,-0.816497,0.707107,-0.577350,-0.408248;
		decal_origin = -0.386722,0.853877,2.528456,0x4E121C1E;
	  f far_plane = 1.100000;
	  x guid = 0x912AB584;
	  f horizontal_meters = 4.000000;
	  f lod = 1.000000;
	  f near_plane = 0.100000;
		texture = Art\Bitmaps\Decals\b_d_for01-a.%img%;
	  f vertical_meters = 4.000000;
	}
	[t:decal,n:*]
	{
		decal_orientation = 0.707107,-0.577350,-0.408248,0.000000,0.577350,-0.816497,0.707107,0.577350,0.408248;
		decal_origin = -0.081619,0.583182,1.235260,0x4E121C1E;
	  f far_plane = 1.100000;
	  x guid = 0x6C48E80C;
	  f horizontal_meters = 4.000000;
	  f lod = 1.000000;
	  f near_plane = 0.100000;
		texture = Art\Bitmaps\Decals\b_d_for01-a.%img%;
	  f vertical_meters = 4.000000;
	}
	[t:decal,n:*]
	{
		decal_orientation = -0.980581,0.174714,0.089087,0.000000,0.454257,-0.890871,-0.196116,-0.873571,-0.445435;
		decal_origin = -1.532903,0.804251,2.929917,0x4E121C1E;
	  f far_plane = 1.100000;
	  x guid = 0xF3656BE4;
	  f horizontal_meters = 4.000000;
	  f lod = 1.000000;
	  f near_plane = 0.100000;
		texture = Art\Bitmaps\Decals\b_d_for01-a.%img%;
	  f vertical_meters = 4.000000;
	}
	[t:decal,n:*]
	{
		decal_orientation = 0.000000,-1.000000,0.000000,0.000000,0.000000,-1.000000,1.000000,0.000000,0.000000;
		decal_origin = 0.041102,0.700001,0.866261,0x7421B920;
	  f far_plane = 1.100000;
	  x guid = 0x9623333C;
	  f horizontal_meters = 4.000000;
	  f lod = 1.000000;
	  f near_plane = 0.100000;
		texture = Art\Bitmaps\Decals\b_d_for01-a.%img%;
	  f vertical_meters = 4.000000;
	}
	[t:decal,n:*]
	{
		decal_orientation = 1.000000,0.000000,0.000000,0.000000,0.371391,-0.928477,0.000000,0.928477,0.371391;
		decal_origin = -2.784850,0.669478,0.731114,0xC49DEDA2;
	  f far_plane = 1.100000;
	  x guid = 0x218F0FF8;
	  f horizontal_meters = 4.000000;
	  f lod = 1.000000;
	  f near_plane = 0.100000;
		texture = Art\Bitmaps\Decals\b_d_for01-a.%img%;
	  f vertical_meters = 4.000000;
	}
	[t:decal,n:*]
	{
		decal_orientation = 0.000000,-1.000000,0.000000,0.000000,0.000000,-1.000000,1.000000,0.000000,0.000000;
		decal_origin = -3.040053,0.700001,1.573761,0xC49DEDA2;
	  f far_plane = 1.100000;
	  x guid = 0x4F736A34;
	  f horizontal_meters = 4.000000;
	  f lod = 1.000000;
	  f near_plane = 0.100000;
		texture = Art\Bitmaps\Decals\b_d_for01-a.%img%;
	  f vertical_meters = 4.000000;
	}
	[t:decal,n:*]
	{
		decal_orientation = 0.000000,-1.000000,0.000000,0.000000,0.000000,-1.000000,1.000000,0.000000,0.000000;
		decal_origin = -0.992449,0.700001,3.333094,0xF7BA8F3B;
	  f far_plane = 1.100000;
	  x guid = 0x4F39860D;
	  f horizontal_meters = 4.000000;
	  f lod = 1.000000;
	  f near_plane = 0.100000;
		texture = Art\Bitmaps\Decals\b_d_for01-a.%img%;
	  f vertical_meters = 4.000000;
	}
	[t:decal,n:*]
	{
		decal_orientation = -0.980581,0.174714,0.089087,0.000000,0.454257,-0.890871,-0.196116,-0.873571,-0.445435;
		decal_origin = -1.409366,0.867098,2.828917,0xF7BA8F3B;
	  f far_plane = 1.100000;
	  x guid = 0xB2569642;
	  f horizontal_meters = 4.000000;
	  f lod = 1.000000;
	  f near_plane = 0.100000;
		texture = Art\Bitmaps\Decals\b_d_for01-a.%img%;
	  f vertical_meters = 4.000000;
	}
	[t:decal,n:*]
	{
		decal_orientation = 0.707107,-0.577350,-0.408248,0.000000,0.577350,-0.816497,0.707107,0.577350,0.408248;
		decal_origin = -0.226684,0.727362,1.378553,0xF7BA8F3B;
	  f far_plane = 1.100000;
	  x guid = 0x6D1B79B3;
	  f horizontal_meters = 4.000000;
	  f lod = 1.000000;
	  f near_plane = 0.100000;
		texture = Art\Bitmaps\Decals\b_d_for01-a.%img%;
	  f vertical_meters = 4.000000;
	}
	[t:decal,n:*]
	{
		decal_orientation = 0.980581,0.174714,0.089087,0.000000,0.454257,-0.890871,-0.196116,0.873571,0.445435;
		decal_origin = -1.456918,0.856531,1.159453,0xF7BA8F3B;
	  f far_plane = 1.100000;
	  x guid = 0xE7F4544F;
	  f horizontal_meters = 4.000000;
	  f lod = 1.000000;
	  f near_plane = 0.100000;
		texture = Art\Bitmaps\Decals\b_d_for01-a.%img%;
	  f vertical_meters = 4.000000;
	}
	[t:decal,n:*]
	{
		decal_orientation = 0.000000,0.928477,0.371391,0.000000,0.371391,-0.928477,-1.000000,0.000000,0.000000;
		decal_origin = -3.132282,0.724116,2.177220,0xF7BA8F3B;
	  f far_plane = 1.100000;
	  x guid = 0xF9A6C9AC;
	  f horizontal_meters = 4.000000;
	  f lod = 1.000000;
	  f near_plane = 0.100000;
		texture = Art\Bitmaps\Decals\b_d_for01-a.%img%;
	  f vertical_meters = 4.000000;
	}
	[t:decal,n:*]
	{
		decal_orientation = -1.000000,0.000000,0.000000,0.000000,0.371391,-0.928477,0.000000,-0.928477,-0.371391;
		decal_origin = -2.459680,0.773005,3.010065,0xF7BA8F3B;
	  f far_plane = 1.100000;
	  x guid = 0xCABD1EBE;
	  f horizontal_meters = 4.000000;
	  f lod = 1.000000;
	  f near_plane = 0.100000;
		texture = Art\Bitmaps\Decals\b_d_for01-a.%img%;
	  f vertical_meters = 4.000000;
	}
	[t:decal,n:*]
	{
		decal_orientation = 1.000000,0.000000,0.000000,0.000000,0.371391,-0.928477,0.000000,0.928477,0.371391;
		decal_origin = -1.940158,0.738016,0.902452,0xF7BA8F3B;
	  f far_plane = 1.100000;
	  x guid = 0xD82C6C97;
	  f horizontal_meters = 4.000000;
	  f lod = 1.000000;
	  f near_plane = 0.100000;
		texture = Art\Bitmaps\Decals\b_d_for01-a.%img%;
	  f vertical_meters = 4.000000;
	}
	[t:decal,n:*]
	{
		decal_orientation = 0.000000,-0.980581,-0.196116,0.000000,0.196116,-0.980581,1.000000,0.000000,0.000000;
		decal_origin = 2.640422,0.991720,0.112997,0x23E0AE11;
	  f far_plane = 1.100000;
	  x guid = 0xC555EE96;
	  f horizontal_meters = 4.000000;
	  f lod = 1.000000;
	  f near_plane = 0.100000;
		texture = Art\Bitmaps\Decals\b_d_for01-a.%img%;
	  f vertical_meters = 4.000000;
	}
	[t:decal,n:*]
	{
		decal_orientation = 0.000000,0.928477,0.371391,0.000000,0.371391,-0.928477,-1.000000,0.000000,0.000000;
		decal_origin = 1.447327,0.955962,-0.610945,0x23E0AE11;
	  f far_plane = 1.100000;
	  x guid = 0x4B828D25;
	  f horizontal_meters = 4.000000;
	  f lod = 1.000000;
	  f near_plane = 0.100000;
		texture = Art\Bitmaps\Decals\b_d_for01-a.%img%;
	  f vertical_meters = 4.000000;
	}
	[t:decal,n:*]
	{
		decal_orientation = -0.707107,-0.615457,-0.348155,0.000000,0.492366,-0.870388,0.707107,-0.615458,-0.348155;
		decal_origin = 3.014621,0.688172,1.387231,0x23E0AE11;
	  f far_plane = 1.100000;
	  x guid = 0x177DEEEC;
	  f horizontal_meters = 4.000000;
	  f lod = 1.000000;
	  f near_plane = 0.100000;
		texture = Art\Bitmaps\Decals\b_d_for01-a.%img%;
	  f vertical_meters = 4.000000;
	}
	[t:decal,n:*]
	{
		decal_orientation = 0.447214,-0.816497,-0.365148,0.000000,0.408248,-0.912871,0.894427,0.408248,0.182574;
		decal_origin = 3.104038,0.696375,-1.287289,0x23E0AE11;
	  f far_plane = 1.100000;
	  x guid = 0x44D5E6BE;
	  f horizontal_meters = 4.000000;
	  f lod = 1.000000;
	  f near_plane = 0.100000;
		texture = Art\Bitmaps\Decals\b_d_for01-a.%img%;
	  f vertical_meters = 4.000000;
	}
	[t:decal,n:*]
	{
		decal_orientation = -0.707107,0.694862,0.131024,0.000000,0.185296,-0.982683,-0.707107,-0.694862,-0.131024;
		decal_origin = 0.214229,0.720796,0.190476,0x7FC8D127;
	  f far_plane = 1.100000;
	  x guid = 0xA907B9B6;
	  f horizontal_meters = 4.000000;
	  f lod = 1.000000;
	  f near_plane = 0.100000;
		texture = Art\Bitmaps\Decals\b_d_for01-a.%img%;
	  f vertical_meters = 4.000000;
	}
	[t:decal,n:*]
	{
		decal_orientation = 0.447214,-0.816497,-0.365148,0.000000,0.408248,-0.912871,0.894427,0.408248,0.182574;
		decal_origin = 2.493065,0.933230,-1.324945,0xF0448A89;
	  f far_plane = 1.100000;
	  x guid = 0x7CCDE591;
	  f horizontal_meters = 4.000000;
	  f lod = 1.000000;
	  f near_plane = 0.100000;
		texture = Art\Bitmaps\Decals\b_d_for01-a.%img%;
	  f vertical_meters = 4.000000;
	}
	[t:decal,n:*]
	{
		decal_orientation = 0.000000,0.928477,0.371391,0.000000,0.371391,-0.928477,-1.000000,0.000000,0.000000;
		decal_origin = 1.448571,0.956461,-0.623048,0xF0448A89;
	  f far_plane = 1.100000;
	  x guid = 0x19F61BCE;
	  f horizontal_meters = 4.000000;
	  f lod = 1.000000;
	  f near_plane = 0.100000;
		texture = Art\Bitmaps\Decals\b_d_for01-a.%img%;
	  f vertical_meters = 4.000000;
	}
	[t:decal,n:*]
	{
		decal_orientation = 0.000000,-0.980581,-0.196116,0.000000,0.196116,-0.980581,1.000000,0.000000,0.000000;
		decal_origin = 2.651721,0.989457,-0.062433,0xF0448A89;
	  f far_plane = 1.100000;
	  x guid = 0x80FC3697;
	  f horizontal_meters = 4.000000;
	  f lod = 1.000000;
	  f near_plane = 0.100000;
		texture = Art\Bitmaps\Decals\b_d_for01-a.%img%;
	  f vertical_meters = 4.000000;
	}
	[t:decal,n:*]
	{
		decal_orientation = -0.707107,-0.615458,-0.348155,0.000000,0.492366,-0.870388,0.707107,-0.615457,-0.348155;
		decal_origin = 2.688581,0.839115,1.335919,0xF0448A89;
	  f far_plane = 1.100000;
	  x guid = 0x958AAB31;
	  f horizontal_meters = 4.000000;
	  f lod = 1.000000;
	  f near_plane = 0.100000;
		texture = Art\Bitmaps\Decals\b_d_for01-a.%img%;
	  f vertical_meters = 4.000000;
	}
	[t:decal,n:*]
	{
		decal_orientation = 0.000000,0.928477,0.371391,0.000000,0.371391,-0.928477,-1.000000,0.000000,0.000000;
		decal_origin = 1.542727,0.994124,0.854562,0xF0448A89;
	  f far_plane = 1.100000;
	  x guid = 0xF26EC353;
	  f horizontal_meters = 4.000000;
	  f lod = 1.000000;
	  f near_plane = 0.100000;
		texture = Art\Bitmaps\Decals\b_d_for01-a.%img%;
	  f vertical_meters = 4.000000;
	}
	[t:decal,n:*]
	{
		decal_orientation = -0.707107,0.615457,0.348155,0.000000,0.492366,-0.870388,-0.707107,-0.615457,-0.348155;
		decal_origin = 1.523262,0.827210,1.577502,0xF0448A89;
	  f far_plane = 1.100000;
	  x guid = 0x2C429F86;
	  f horizontal_meters = 4.000000;
	  f lod = 1.000000;
	  f near_plane = 0.100000;
		texture = Art\Bitmaps\Decals\b_d_for01-a.%img%;
	  f vertical_meters = 4.000000;
	}
	[t:decal,n:*]
	{
		decal_orientation = 0.000000,0.928477,0.371391,0.000000,0.371391,-0.928477,-1.000000,0.000000,0.000000;
		decal_origin = -3.020408,0.768870,2.202629,0xDB74A152;
	  f far_plane = 1.100000;
	  x guid = 0x7F265540;
	  f horizontal_meters = 4.000000;
	  f lod = 1.000000;
	  f near_plane = 0.100000;
		texture = Art\Bitmaps\Decals\b_d_for01-a.%img%;
	  f vertical_meters = 4.000000;
	}
	[t:decal,n:*]
	{
		decal_orientation = -1.000000,0.000000,0.000000,0.000000,0.371391,-0.928477,0.000000,-0.928477,-0.371391;
		decal_origin = -2.276763,0.804055,2.932441,0xDB74A152;
	  f far_plane = 1.100000;
	  x guid = 0xA377A634;
	  f horizontal_meters = 4.000000;
	  f lod = 1.000000;
	  f near_plane = 0.100000;
		texture = Art\Bitmaps\Decals\b_d_for01-a.%img%;
	  f vertical_meters = 4.000000;
	}
	[t:decal,n:*]
	{
		decal_orientation = 1.000000,0.000000,0.000000,0.000000,0.371391,-0.928477,0.000000,0.928477,0.371391;
		decal_origin = -1.943143,0.886813,1.274447,0xDB74A152;
	  f far_plane = 1.100000;
	  x guid = 0x0982D170;
	  f horizontal_meters = 4.000000;
	  f lod = 1.000000;
	  f near_plane = 0.100000;
		texture = Art\Bitmaps\Decals\b_d_for01-a.%img%;
	  f vertical_meters = 4.000000;
	}
	[t:decal,n:*]
	{
		decal_orientation = 1.000000,0.000000,0.000000,0.000000,0.196116,-0.980581,0.000000,0.980581,0.196116;
		decal_origin = -2.074383,1.006441,-2.566819,0xA629FDE3;
	  f far_plane = 1.100000;
	  x guid = 0x5FB94BB2;
	  f horizontal_meters = 4.000000;
	  f lod = 1.000000;
	  f near_plane = 0.100000;
		texture = Art\Bitmaps\Decals\b_d_for01-a.%img%;
	  f vertical_meters = 4.000000;
	}
	[t:decal,n:*]
	{
		decal_orientation = 0.000000,0.980581,0.196116,0.000000,0.196116,-0.980581,-1.000000,0.000000,0.000000;
		decal_origin = -2.797101,0.960384,-2.016304,0xA629FDE3;
	  f far_plane = 1.100000;
	  x guid = 0x1DFAD2D3;
	  f horizontal_meters = 4.000000;
	  f lod = 1.000000;
	  f near_plane = 0.100000;
		texture = Art\Bitmaps\Decals\b_d_for01-a.%img%;
	  f vertical_meters = 4.000000;
	}
	[t:decal,n:*]
	{
		decal_orientation = -0.707107,-0.680414,-0.192450,0.000000,0.272166,-0.962250,0.707107,-0.680414,-0.192450;
		decal_origin = -1.551105,0.934247,-1.423967,0xA629FDE3;
	  f far_plane = 1.100000;
	  x guid = 0xD33F5D11;
	  f horizontal_meters = 4.000000;
	  f lod = 1.000000;
	  f near_plane = 0.100000;
		texture = Art\Bitmaps\Decals\b_d_for01-a.%img%;
	  f vertical_meters = 4.000000;
	}
	[t:decal,n:*]
	{
		decal_orientation = 0.707107,-0.680414,-0.192450,0.000000,0.272166,-0.962250,0.707107,0.680414,0.192450;
		decal_origin = -1.212139,0.874144,-2.537562,0xA629FDE3;
	  f far_plane = 1.100000;
	  x guid = 0x39EB63E4;
	  f horizontal_meters = 4.000000;
	  f lod = 1.000000;
	  f near_plane = 0.100000;
		texture = Art\Bitmaps\Decals\b_d_for01-a.%img%;
	  f vertical_meters = 4.000000;
	}
	[t:decal,n:*]
	{
		decal_orientation = 0.000000,-1.000000,0.000000,0.000000,0.000000,-1.000000,1.000000,0.000000,0.000000;
		decal_origin = -3.858449,0.700001,0.334751,0x35469E0C;
	  f far_plane = 1.100000;
	  x guid = 0x01A62500;
	  f horizontal_meters = 4.000000;
	  f lod = 1.000000;
	  f near_plane = 0.100000;
		texture = Art\Bitmaps\Decals\b_d_for01-a.%img%;
	  f vertical_meters = 4.000000;
	}
	[t:decal,n:*]
	{
		decal_orientation = 0.980581,0.174714,0.089087,0.000000,0.454257,-0.890871,-0.196116,0.873571,0.445435;
		decal_origin = 0.102949,0.982492,-2.700602,0x8F705645;
	  f far_plane = 1.100000;
	  x guid = 0x83197063;
	  f horizontal_meters = 4.000000;
	  f lod = 1.000000;
	  f near_plane = 0.100000;
		texture = Art\Bitmaps\Decals\b_d_for01-a.%img%;
	  f vertical_meters = 4.000000;
	}
	[t:decal,n:*]
	{
		decal_orientation = 0.857493,0.444457,0.259161,0.000000,0.503717,-0.863868,-0.514496,0.740761,0.431934;
		decal_origin = -0.909563,0.766233,-2.636962,0x8F705645;
	  f far_plane = 1.100000;
	  x guid = 0x5E2DA3D4;
	  f horizontal_meters = 4.000000;
	  f lod = 1.000000;
	  f near_plane = 0.100000;
		texture = Art\Bitmaps\Decals\b_d_for01-a.%img%;
	  f vertical_meters = 4.000000;
	}
	[t:decal,n:*]
	{
		decal_orientation = -0.554700,0.782727,0.282216,0.000000,0.339182,-0.940721,-0.832050,-0.521818,-0.188144;
		decal_origin = -0.785278,0.930070,-1.513186,0x8F705645;
	  f far_plane = 1.100000;
	  x guid = 0x6777049C;
	  f horizontal_meters = 4.000000;
	  f lod = 1.000000;
	  f near_plane = 0.100000;
		texture = Art\Bitmaps\Decals\b_d_for01-a.%img%;
	  f vertical_meters = 4.000000;
	}
	[t:decal,n:*]
	{
		decal_orientation = -1.000000,0.000000,0.000000,0.000000,0.287348,-0.957826,0.000000,-0.957826,-0.287348;
		decal_origin = 0.700831,1.120580,-1.255164,0x8F705645;
	  f far_plane = 1.100000;
	  x guid = 0xFA36A26C;
	  f horizontal_meters = 4.000000;
	  f lod = 1.000000;
	  f near_plane = 0.100000;
		texture = Art\Bitmaps\Decals\b_d_for01-a.%img%;
	  f vertical_meters = 4.000000;
	}
	[t:decal,n:*]
	{
		decal_orientation = 0.832050,-0.449921,-0.324443,0.000000,0.584898,-0.811107,0.554700,0.674882,0.486664;
		decal_origin = 1.370780,0.910224,-2.790572,0x8F705645;
	  f far_plane = 1.100000;
	  x guid = 0xDEA2D52B;
	  f horizontal_meters = 4.000000;
	  f lod = 1.000000;
	  f near_plane = 0.100000;
		texture = Art\Bitmaps\Decals\b_d_for01-a.%img%;
	  f vertical_meters = 4.000000;
	}
	[t:decal,n:*]
	{
		decal_orientation = 0.447214,-0.816497,-0.365148,0.000000,0.408248,-0.912871,0.894427,0.408248,0.182574;
		decal_origin = 2.232680,0.937899,-1.822348,0x8F705645;
	  f far_plane = 1.100000;
	  x guid = 0x8FF32976;
	  f horizontal_meters = 4.000000;
	  f lod = 1.000000;
	  f near_plane = 0.100000;
		texture = Art\Bitmaps\Decals\b_d_for01-a.%img%;
	  f vertical_meters = 4.000000;
	}
	[t:decal,n:*]
	{
		decal_orientation = 0.000000,-1.000000,0.000000,0.000000,0.000000,-1.000000,1.000000,0.000000,0.000000;
		decal_origin = 1.533436,0.700001,1.709294,0xF82270D4;
	  f far_plane = 1.100000;
	  x guid = 0xA6D1ED31;
	  f horizontal_meters = 4.000000;
	  f lod = 1.000000;
	  f near_plane = 0.100000;
		texture = Art\Bitmaps\Decals\b_d_for01-a.%img%;
	  f vertical_meters = 4.000000;
	}
	[t:decal,n:*]
	{
		decal_orientation = 0.000000,0.980581,0.196116,0.000000,0.196116,-0.980581,-1.000000,0.000000,0.000000;
		decal_origin = -2.851884,0.949426,-2.275548,0x94A5C3A9;
	  f far_plane = 1.100000;
	  x guid = 0x2088379B;
	  f horizontal_meters = 4.000000;
	  f lod = 1.000000;
	  f near_plane = 0.100000;
		texture = Art\Bitmaps\Decals\b_d_for01-a.%img%;
	  f vertical_meters = 4.000000;
	}
	[t:decal,n:*]
	{
		decal_orientation = 1.000000,0.000000,0.000000,0.000000,0.196116,-0.980581,0.000000,0.980581,0.196116;
		decal_origin = -2.161967,0.927373,-2.962160,0x94A5C3A9;
	  f far_plane = 1.100000;
	  x guid = 0xB3AEC7AA;
	  f horizontal_meters = 4.000000;
	  f lod = 1.000000;
	  f near_plane = 0.100000;
		texture = Art\Bitmaps\Decals\b_d_for01-a.%img%;
	  f vertical_meters = 4.000000;
	}
	[t:decal,n:*]
	{
		decal_orientation = -0.707107,-0.680414,-0.192450,0.000000,0.272166,-0.962250,0.707107,-0.680414,-0.192450;
		decal_origin = -1.382796,0.915318,-1.497657,0x94A5C3A9;
	  f far_plane = 1.100000;
	  x guid = 0x7BF72A95;
	  f horizontal_meters = 4.000000;
	  f lod = 1.000000;
	  f near_plane = 0.100000;
		texture = Art\Bitmaps\Decals\b_d_for01-a.%img%;
	  f vertical_meters = 4.000000;
	}
	[t:decal,n:*]
	{
		decal_orientation = 0.707107,-0.680414,-0.192450,0.000000,0.272166,-0.962250,0.707107,0.680414,0.192450;
		decal_origin = -1.119084,0.879430,-2.418103,0x94A5C3A9;
	  f far_plane = 1.100000;
	  x guid = 0x8D5826CD;
	  f horizontal_meters = 4.000000;
	  f lod = 1.000000;
	  f near_plane = 0.100000;
		texture = Art\Bitmaps\Decals\b_d_for01-a.%img%;
	  f vertical_meters = 4.000000;
	}
	[t:decal,n:*]
	{
		decal_orientation = 0.000000,-1.000000,0.000000,0.000000,0.000000,-1.000000,1.000000,0.000000,0.000000;
		decal_origin = -0.270550,0.700001,0.658871,0xDCA3EFC4;
	  f far_plane = 1.100000;
	  x guid = 0x73C05BAF;
	  f horizontal_meters = 4.000000;
	  f lod = 1.000000;
	  f near_plane = 0.100000;
		texture = Art\Bitmaps\Decals\b_d_for01-a.%img%;
	  f vertical_meters = 4.000000;
	}
	[t:decal,n:*]
	{
		decal_orientation = 0.000000,-1.000000,0.000000,0.000000,0.000000,-1.000000,1.000000,0.000000,0.000000;
		decal_origin = -0.853886,0.700001,0.639565,0x26748DE2;
	  f far_plane = 1.100000;
	  x guid = 0x66FDC1CE;
	  f horizontal_meters = 4.000000;
	  f lod = 1.000000;
	  f near_plane = 0.100000;
		texture = Art\Bitmaps\Decals\b_d_for01-a.%img%;
	  f vertical_meters = 4.000000;
	}
	[t:decal,n:*]
	{
		decal_orientation = 0.000000,0.928477,0.371391,0.000000,0.371391,-0.928477,-1.000000,0.000000,0.000000;
		decal_origin = 1.401199,0.937510,-0.306698,0xD7EB014B;
	  f far_plane = 1.100000;
	  x guid = 0x09C968AD;
	  f horizontal_meters = 4.000000;
	  f lod = 1.000000;
	  f near_plane = 0.100000;
		texture = Art\Bitmaps\Decals\b_d_for01-a.%img%;
	  f vertical_meters = 4.000000;
	}
	[t:decal,n:*]
	{
		decal_orientation = 0.000000,-0.980581,-0.196116,0.000000,0.196116,-0.980581,1.000000,0.000000,0.000000;
		decal_origin = 2.818384,0.956125,-0.033360,0xD7EB014B;
	  f far_plane = 1.100000;
	  x guid = 0x7DAB2BFA;
	  f horizontal_meters = 4.000000;
	  f lod = 1.000000;
	  f near_plane = 0.100000;
		texture = Art\Bitmaps\Decals\b_d_for01-a.%img%;
	  f vertical_meters = 4.000000;
	}
	[t:decal,n:*]
	{
		decal_orientation = -0.707107,-0.615458,-0.348155,0.000000,0.492366,-0.870388,0.707107,-0.615457,-0.348155;
		decal_origin = 3.158188,0.649510,1.340323,0xD7EB014B;
	  f far_plane = 1.100000;
	  x guid = 0x10FA0104;
	  f horizontal_meters = 4.000000;
	  f lod = 1.000000;
	  f near_plane = 0.100000;
		texture = Art\Bitmaps\Decals\b_d_for01-a.%img%;
	  f vertical_meters = 4.000000;
	}
	[t:decal,n:*]
	{
		decal_orientation = -0.707107,-0.700140,-0.099015,0.000000,0.140028,-0.990148,0.707107,-0.700140,-0.099015;
		decal_origin = 2.838053,0.742970,-1.168265,0xD7EB014B;
	  f far_plane = 1.100000;
	  x guid = 0x20F0D8C8;
	  f horizontal_meters = 4.000000;
	  f lod = 1.000000;
	  f near_plane = 0.100000;
		texture = Art\Bitmaps\Decals\b_d_for01-a.%img%;
	  f vertical_meters = 4.000000;
	}
	[t:decal,n:*]
	{
		decal_orientation = -0.242536,0.961108,0.132092,0.000000,0.136157,-0.990687,-0.970142,-0.240277,-0.033023;
		decal_origin = -0.940786,0.892997,-1.270869,0x1A6B62A7;
	  f far_plane = 1.100000;
	  x guid = 0x43B7FFDC;
	  f horizontal_meters = 4.000000;
	  f lod = 1.000000;
	  f near_plane = 0.100000;
		texture = Art\Bitmaps\Decals\b_d_for01-a.%img%;
	  f vertical_meters = 4.000000;
	}
	[t:decal,n:*]
	{
		decal_orientation = -1.000000,0.000000,0.000000,0.000000,0.287348,-0.957826,0.000000,-0.957826,-0.287348;
		decal_origin = -0.054063,0.669748,0.247596,0x1A6B62A7;
	  f far_plane = 1.100000;
	  x guid = 0x9FC6BA85;
	  f horizontal_meters = 4.000000;
	  f lod = 1.000000;
	  f near_plane = 0.100000;
		texture = Art\Bitmaps\Decals\b_d_for01-a.%img%;
	  f vertical_meters = 4.000000;
	}
	[t:decal,n:*]
	{
		decal_orientation = 0.857493,0.444457,0.259161,0.000000,0.503717,-0.863868,-0.514496,0.740761,0.431934;
		decal_origin = -0.781131,0.850982,-2.544520,0x1A6B62A7;
	  f far_plane = 1.100000;
	  x guid = 0xF221F7FA;
	  f horizontal_meters = 4.000000;
	  f lod = 1.000000;
	  f near_plane = 0.100000;
		texture = Art\Bitmaps\Decals\b_d_for01-a.%img%;
	  f vertical_meters = 4.000000;
	}
	[t:decal,n:*]
	{
		decal_orientation = -0.980581,0.174714,0.089087,0.000000,0.454257,-0.890871,-0.196116,-0.873571,-0.445435;
		decal_origin = -1.507712,1.023947,2.495559,0xA707B9FB;
	  f far_plane = 1.100000;
	  x guid = 0xFC490432;
	  f horizontal_meters = 4.000000;
	  f lod = 1.000000;
	  f near_plane = 0.100000;
		texture = Art\Bitmaps\Decals\b_d_for01-a.%img%;
	  f vertical_meters = 4.000000;
	}
	[t:decal,n:*]
	{
		decal_orientation = 0.980581,0.174714,0.089087,0.000000,0.454257,-0.890871,-0.196116,0.873571,0.445435;
		decal_origin = -1.621188,0.921644,1.322535,0xA707B9FB;
	  f far_plane = 1.100000;
	  x guid = 0x81D15001;
	  f horizontal_meters = 4.000000;
	  f lod = 1.000000;
	  f near_plane = 0.100000;
		texture = Art\Bitmaps\Decals\b_d_for01-a.%img%;
	  f vertical_meters = 4.000000;
	}
	[t:decal,n:*]
	{
		decal_orientation = 0.707107,-0.577350,-0.408248,0.000000,0.577350,-0.816497,0.707107,0.577350,0.408248;
		decal_origin = 0.026636,0.537097,1.251340,0xA707B9FB;
	  f far_plane = 1.100000;
	  x guid = 0xC624FC6A;
	  f horizontal_meters = 4.000000;
	  f lod = 1.000000;
	  f near_plane = 0.100000;
		texture = Art\Bitmaps\Decals\b_d_for01-a.%img%;
	  f vertical_meters = 4.000000;
	}
	[t:decal,n:*]
	{
		decal_orientation = 0.000000,-1.000000,0.000000,0.000000,0.000000,-1.000000,1.000000,0.000000,0.000000;
		decal_origin = -0.131244,0.699997,2.224976,0xA707B9FB;
	  f far_plane = 1.100000;
	  x guid = 0x4B55056D;
	  f horizontal_meters = 4.000000;
	  f lod = 1.000000;
	  f near_plane = 0.100000;
		texture = Art\Bitmaps\Decals\b_d_for01-a.%img%;
	  f vertical_meters = 4.000000;
	}
	[t:decal,n:*]
	{
		decal_orientation = 0.000000,0.928477,0.371391,0.000000,0.371391,-0.928477,-1.000000,0.000000,0.000000;
		decal_origin = -2.639959,0.921050,2.001489,0xA707B9FB;
	  f far_plane = 1.100000;
	  x guid = 0xD4817F3E;
	  f horizontal_meters = 4.000000;
	  f lod = 1.000000;
	  f near_plane = 0.100000;
		texture = Art\Bitmaps\Decals\b_d_for01-a.%img%;
	  f vertical_meters = 4.000000;
	}
	[t:decal,n:*]
	{
		decal_orientation = 0.000000,0.928477,0.371391,0.000000,0.371391,-0.928477,-1.000000,0.000000,0.000000;
		decal_origin = -2.661466,0.912444,1.712672,0xA707B9FB;
	  f far_plane = 1.100000;
	  x guid = 0x3D18E431;
	  f horizontal_meters = 4.000000;
	  f lod = 1.000000;
	  f near_plane = 0.100000;
		texture = Art\Bitmaps\Decals\b_d_for01-a.%img%;
	  f vertical_meters = 4.000000;
	}
	[t:decal,n:*]
	{
		decal_orientation = 1.000000,0.000000,0.000000,0.000000,0.371391,-0.928477,0.000000,0.928477,0.371391;
		decal_origin = -2.075844,0.774336,0.993260,0xA707B9FB;
	  f far_plane = 1.100000;
	  x guid = 0x07E99B0D;
	  f horizontal_meters = 4.000000;
	  f lod = 1.000000;
	  f near_plane = 0.100000;
		texture = Art\Bitmaps\Decals\b_d_for01-a.%img%;
	  f vertical_meters = 4.000000;
	}
	[t:decal,n:*]
	{
		decal_orientation = -1.000000,0.000000,0.000000,0.000000,0.371391,-0.928477,0.000000,-0.928477,-0.371391;
		decal_origin = -1.913894,0.778445,2.996475,0xA707B9FB;
	  f far_plane = 1.100000;
	  x guid = 0xDD8E7A67;
	  f horizontal_meters = 4.000000;
	  f lod = 1.000000;
	  f near_plane = 0.100000;
		texture = Art\Bitmaps\Decals\b_d_for01-a.%img%;
	  f vertical_meters = 4.000000;
	}
	[t:decal,n:*]
	{
		decal_orientation = -0.707107,0.694862,0.131024,0.000000,0.185296,-0.982683,-0.707107,-0.694862,-0.131024;
		decal_origin = 0.412634,0.784154,-0.086368,0xAF8BB165;
	  f far_plane = 1.100000;
	  x guid = 0x1F953684;
	  f horizontal_meters = 4.000000;
	  f lod = 1.000000;
	  f near_plane = 0.100000;
		texture = Art\Bitmaps\Decals\b_d_for01-a.%img%;
	  f vertical_meters = 4.000000;
	}
	[t:decal,n:*]
	{
		decal_orientation = -1.000000,0.000000,0.000000,0.000000,0.196116,-0.980581,0.000000,-0.980581,-0.196116;
		decal_origin = -2.389032,0.934163,-1.071800,0xD2B9D40E;
	  f far_plane = 1.100000;
	  x guid = 0xE2D3C2B1;
	  f horizontal_meters = 4.000000;
	  f lod = 1.000000;
	  f near_plane = 0.100000;
		texture = Art\Bitmaps\Decals\b_d_for01-a.%img%;
	  f vertical_meters = 4.000000;
	}
	[t:decal,n:*]
	{
		decal_orientation = 0.000000,0.980581,0.196116,0.000000,0.196116,-0.980581,-1.000000,0.000000,0.000000;
		decal_origin = -2.799358,0.959936,-1.701314,0xD2B9D40E;
	  f far_plane = 1.100000;
	  x guid = 0x31FADD4B;
	  f horizontal_meters = 4.000000;
	  f lod = 1.000000;
	  f near_plane = 0.100000;
		texture = Art\Bitmaps\Decals\b_d_for01-a.%img%;
	  f vertical_meters = 4.000000;
	}
	[t:decal,n:*]
	{
		decal_orientation = -0.707107,-0.680414,-0.192450,0.000000,0.272166,-0.962250,0.707107,-0.680414,-0.192450;
		decal_origin = -1.243078,0.924958,-1.685555,0xD2B9D40E;
	  f far_plane = 1.100000;
	  x guid = 0xD9718DE2;
	  f horizontal_meters = 4.000000;
	  f lod = 1.000000;
	  f near_plane = 0.100000;
		texture = Art\Bitmaps\Decals\b_d_for01-a.%img%;
	  f vertical_meters = 4.000000;
	}
	[t:decal,n:*]
	{
		decal_orientation = 0.707107,-0.680414,-0.192450,0.000000,0.272166,-0.962250,0.707107,0.680414,0.192450;
		decal_origin = -1.495372,0.927274,-2.555170,0xD2B9D40E;
	  f far_plane = 1.100000;
	  x guid = 0x0ED96F0A;
	  f horizontal_meters = 4.000000;
	  f lod = 1.000000;
	  f near_plane = 0.100000;
		texture = Art\Bitmaps\Decals\b_d_for01-a.%img%;
	  f vertical_meters = 4.000000;
	}
	[t:decal,n:*]
	{
		decal_orientation = 1.000000,0.000000,0.000000,0.000000,0.371391,-0.928477,0.000000,0.928477,0.371391;
		decal_origin = -2.174495,0.712954,0.839802,0x9EBDA2B3;
	  f far_plane = 1.100000;
	  x guid = 0x99A01F08;
	  f horizontal_meters = 4.000000;
	  f lod = 1.000000;
	  f near_plane = 0.100000;
		texture = Art\Bitmaps\Decals\b_d_for01-a.%img%;
	  f vertical_meters = 4.000000;
	}
	[t:decal,n:*]
	{
		decal_orientation = 0.000000,0.928477,0.371391,0.000000,0.371391,-0.928477,-1.000000,0.000000,0.000000;
		decal_origin = -3.149237,0.717339,2.400764,0x9EBDA2B3;
	  f far_plane = 1.100000;
	  x guid = 0x3A5D8E60;
	  f horizontal_meters = 4.000000;
	  f lod = 1.000000;
	  f near_plane = 0.100000;
		texture = Art\Bitmaps\Decals\b_d_for01-a.%img%;
	  f vertical_meters = 4.000000;
	}
	[t:decal,n:*]
	{
		decal_orientation = -1.000000,0.000000,0.000000,0.000000,0.371391,-0.928477,0.000000,-0.928477,-0.371391;
		decal_origin = -1.794879,0.901810,2.688058,0x9EBDA2B3;
	  f far_plane = 1.100000;
	  x guid = 0x21A55C41;
	  f horizontal_meters = 4.000000;
	  f lod = 1.000000;
	  f near_plane = 0.100000;
		texture = Art\Bitmaps\Decals\b_d_for01-a.%img%;
	  f vertical_meters = 4.000000;
	}
	[t:decal,n:*]
	{
		decal_orientation = 0.000000,-1.000000,0.000000,0.000000,0.000000,-1.000000,1.000000,0.000000,0.000000;
		decal_origin = -2.084287,0.699997,3.537935,0x9EBDA2B3;
	  f far_plane = 1.100000;
	  x guid = 0xC669FB02;
	  f horizontal_meters = 4.000000;
	  f lod = 1.000000;
	  f near_plane = 0.100000;
		texture = Art\Bitmaps\Decals\b_d_for01-a.%img%;
	  f vertical_meters = 4.000000;
	}
	[t:decal,n:*]
	{
