[decals]
{
	[t:decal,n:*]
	{
		decal_orientation = -0.536223,0.844076,0.000000,0.000000,0.000000,-1.000000,-0.844076,-0.536223,0.000000;
		decal_origin = 0.367909,1.000000,0.513744,0x43C87F4A;
	  f far_plane = 1.100000;
	  x guid = 0x00000000;
	  f horizontal_meters = 4.000000;
	  f lod = 1.000000;
	  f near_plane = 0.100000;
		texture = Art\Bitmaps\Decals\b_d_grs01cbbl-path.%img%;
	  f vertical_meters = 4.000000;
	}
	[t:decal,n:*]
	{
		decal_orientation = -0.121206,0.992627,0.000000,0.000000,0.000000,-1.000000,-0.992627,-0.121206,0.000000;
		decal_origin = -1.223538,1.000000,1.139026,0xCA7BB14D;
	  f far_plane = 1.100000;
	  x guid = 0x00000000;
	  f horizontal_meters = 4.000000;
	  f lod = 1.000000;
	  f near_plane = 0.100000;
		texture = Art\Bitmaps\Decals\b_d_grs01cbbl-path.%img%;
	  f vertical_meters = 4.000000;
	}
	[t:decal,n:*]
	{
		decal_orientation = 0.673421,-0.739259,0.000000,0.000000,0.000000,-1.000000,0.739259,0.673421,0.000000;
		decal_origin = 1.002601,1.000000,-0.740299,0xCAF63FCF;
	  f far_plane = 1.100000;
	  x guid = 0x00000000;
	  f horizontal_meters = 4.000000;
	  f lod = 1.000000;
	  f near_plane = 0.100000;
		texture = Art\Bitmaps\Decals\b_d_grs01cbbl-path.%img%;
	  f vertical_meters = 4.000000;
	}
	[t:decal,n:*]
	{
		decal_orientation = -0.051231,0.998687,0.000000,0.000000,0.000000,-1.000000,-0.998687,-0.051231,0.000000;
		decal_origin = 1.960878,1.000000,0.243588,0x090AA818;
	  f far_plane = 1.100000;
	  x guid = 0x00000000;
	  f horizontal_meters = 4.000000;
	  f lod = 1.000000;
	  f near_plane = 0.100000;
		texture = Art\Bitmaps\Decals\b_d_grs01cbbl-path.%img%;
	  f vertical_meters = 4.000000;
	}
	[t:decal,n:*]
	{
		decal_orientation = 0.119945,0.992781,0.000000,0.000000,0.000000,-1.000000,-0.992781,0.119945,0.000000;
		decal_origin = -1.850927,1.000000,-1.246574,0x1E9F4866;
	  f far_plane = 1.100000;
	  x guid = 0x00000000;
	  f horizontal_meters = 4.000000;
	  f lod = 1.000000;
	  f near_plane = 0.100000;
		texture = Art\Bitmaps\Decals\b_d_grs01cbbl-path.%img%;
	  f vertical_meters = 4.000000;
	}
	[t:decal,n:*]
	{
		decal_orientation = 0.463472,0.886111,0.000000,0.000000,0.000000,-1.000000,-0.886111,0.463472,0.000000;
		decal_origin = -0.152697,1.000000,-0.187989,0x940C7C30;
	  f far_plane = 1.100000;
	  x guid = 0x00000000;
	  f horizontal_meters = 4.000000;
	  f lod = 1.000000;
	  f near_plane = 0.100000;
		texture = Art\Bitmaps\Decals\b_d_grs01cbbl-path.%img%;
	  f vertical_meters = 4.000000;
	}
	[t:decal,n:*]
	{
		decal_orientation = 0.976187,-0.216932,0.000000,0.000000,0.000000,-1.000000,0.216932,0.976187,0.000000;
		decal_origin = -1.037635,1.000000,0.006162,0x66385B98;
	  f far_plane = 1.100000;
	  x guid = 0x00000000;
	  f horizontal_meters = 4.000000;
	  f lod = 1.000000;
	  f near_plane = 0.100000;
		texture = Art\Bitmaps\Decals\b_d_grs01cbbl-path.%img%;
	  f vertical_meters = 4.000000;
	}
	[t:decal,n:*]
	{
		decal_orientation = 0.668953,-0.743305,0.000000,0.000000,0.000000,-1.000000,0.743305,0.668953,0.000000;
		decal_origin = 0.277642,1.000000,0.790822,0x66385B98;
	  f far_plane = 1.100000;
	  x guid = 0x00000000;
	  f horizontal_meters = 4.000000;
	  f lod = 1.000000;
	  f near_plane = 0.100000;
		texture = Art\Bitmaps\Decals\b_d_grs01cbbl-path.%img%;
	  f vertical_meters = 4.000000;
	}
	[t:decal,n:*]
	{
		decal_orientation = 0.952868,0.303386,0.000000,0.000000,0.000000,-1.000000,-0.303386,0.952868,0.000000;
		decal_origin = -1.972370,1.000000,-1.332077,0x477803BB;
	  f far_plane = 1.100000;
	  x guid = 0x00000000;
	  f horizontal_meters = 4.000000;
	  f lod = 1.000000;
	  f near_plane = 0.100000;
		texture = Art\Bitmaps\Decals\b_d_grs01cbbl-path.%img%;
	  f vertical_meters = 4.000000;
	}
	[t:decal,n:*]
	{
		decal_orientation = -0.473541,-0.880772,0.000000,0.000000,0.000000,-1.000000,0.880772,-0.473541,0.000000;
		decal_origin = -0.366398,1.000000,-0.082346,0x48ED42D7;
	  f far_plane = 1.100000;
	  x guid = 0x00000000;
	  f horizontal_meters = 4.000000;
	  f lod = 1.000000;
	  f near_plane = 0.100000;
		texture = Art\Bitmaps\Decals\b_d_grs01-path.%img%;
	  f vertical_meters = 4.000000;
	}
	[t:decal,n:*]
	{
		decal_orientation = -0.189962,0.981791,0.000000,0.000000,0.000000,-1.000000,-0.981791,-0.189962,0.000000;
		decal_origin = 0.415287,1.000000,1.099628,0x6AF4730A;
	  f far_plane = 1.100000;
	  x guid = 0x00000000;
	  f horizontal_meters = 4.000000;
	  f lod = 1.000000;
	  f near_plane = 0.100000;
		texture = Art\Bitmaps\Decals\b_d_grs01-path.%img%;
	  f vertical_meters = 4.000000;
	}
	[t:decal,n:*]
	{
		decal_orientation = 0.576595,-0.817030,0.000000,0.000000,0.000000,-1.000000,0.817030,0.576595,0.000000;
		decal_origin = -1.015170,1.000000,-0.754887,0x00BCF956;
	  f far_plane = 1.100000;
	  x guid = 0x00000000;
	  f horizontal_meters = 4.000000;
	  f lod = 1.000000;
	  f near_plane = 0.100000;
		texture = Art\Bitmaps\Decals\b_d_grs01-path.%img%;
	  f vertical_meters = 4.000000;
	}
	[t:decal,n:*]
	{
		decal_orientation = -0.071445,0.997445,0.000000,0.000000,0.000000,-1.000000,-0.997445,-0.071445,0.000000;
		decal_origin = -0.770506,1.000000,0.786677,0x24942707;
	  f far_plane = 1.100000;
	  x guid = 0x00000000;
	  f horizontal_meters = 4.000000;
	  f lod = 1.000000;
	  f near_plane = 0.100000;
		texture = Art\Bitmaps\Decals\b_d_grs01-path.%img%;
	  f vertical_meters = 4.000000;
	}
	[t:decal,n:*]
	{
		decal_orientation = -0.292071,-0.956397,0.000000,0.000000,0.000000,-1.000000,0.956397,-0.292071,0.000000;
		decal_origin = -1.057638,1.000000,-1.458068,0x9C653DA0;
	  f far_plane = 1.100000;
	  x guid = 0x00000000;
	  f horizontal_meters = 4.000000;
	  f lod = 1.000000;
	  f near_plane = 0.100000;
		texture = Art\Bitmaps\Decals\b_d_grs01cbbl-path.%img%;
	  f vertical_meters = 4.000000;
	}
	[t:decal,n:*]
	{
		decal_orientation = 0.058789,-0.998270,0.000000,0.000000,0.000000,-1.000000,0.998270,0.058789,0.000000;
		decal_origin = 1.791407,1.000000,0.041008,0xD658486E;
	  f far_plane = 1.100000;
	  x guid = 0x00000000;
	  f horizontal_meters = 4.000000;
	  f lod = 1.000000;
	  f near_plane = 0.100000;
		texture = Art\Bitmaps\Decals\b_d_grs01cbbl-path.%img%;
	  f vertical_meters = 4.000000;
	}
	[t:decal,n:*]
	{
		decal_orientation = 0.124112,0.992268,0.000000,0.000000,0.000000,-1.000000,-0.992268,0.124112,0.000000;
		decal_origin = 0.560517,1.000000,-0.598238,0xD658486E;
	  f far_plane = 1.100000;
	  x guid = 0x00000000;
	  f horizontal_meters = 4.000000;
	  f lod = 1.000000;
	  f near_plane = 0.100000;
		texture = Art\Bitmaps\Decals\b_d_grs01cbbl-path.%img%;
	  f vertical_meters = 4.000000;
	}
	[t:decal,n:*]
	{
		decal_orientation = -0.478506,-0.878084,0.000000,0.000000,0.000000,-1.000000,0.878084,-0.478506,0.000000;
		decal_origin = 1.809799,1.000000,-0.110785,0xF3D4BEAF;
	  f far_plane = 1.100000;
	  x guid = 0x00000000;
	  f horizontal_meters = 4.000000;
	  f lod = 1.000000;
	  f near_plane = 0.100000;
		texture = Art\Bitmaps\Decals\b_d_grs01cbbl-path.%img%;
	  f vertical_meters = 4.000000;
	}
	[t:decal,n:*]
	{
		decal_orientation = 0.996267,-0.086323,0.000000,0.000000,0.000000,-1.000000,0.086323,0.996267,0.000000;
		decal_origin = 0.214155,1.000000,0.687199,0xCE1FB2B0;
	  f far_plane = 1.100000;
	  x guid = 0x00000000;
	  f horizontal_meters = 4.000000;
	  f lod = 1.000000;
	  f near_plane = 0.100000;
		texture = Art\Bitmaps\Decals\b_d_grs01cbbl-path.%img%;
	  f vertical_meters = 4.000000;
	}
	[t:decal,n:*]
	{
		decal_orientation = 0.681397,0.731914,0.000000,0.000000,0.000000,-1.000000,-0.731914,0.681397,0.000000;
		decal_origin = -0.983765,1.000000,0.045071,0xD9DEB501;
	  f far_plane = 1.100000;
	  x guid = 0x00000000;
	  f horizontal_meters = 4.000000;
	  f lod = 1.000000;
	  f near_plane = 0.100000;
		texture = Art\Bitmaps\Decals\b_d_grs01cbbl-path.%img%;
	  f vertical_meters = 4.000000;
	}
	[t:decal,n:*]
	{
		decal_orientation = -0.638414,0.769693,0.000000,0.000000,0.000000,-1.000000,-0.769693,-0.638414,0.000000;
		decal_origin = -1.289675,1.000000,0.272472,0xD9DEB501;
	  f far_plane = 1.100000;
	  x guid = 0x00000000;
	  f horizontal_meters = 4.000000;
	  f lod = 1.000000;
	  f near_plane = 0.100000;
		texture = Art\Bitmaps\Decals\b_d_grs01cbbl-path.%img%;
	  f vertical_meters = 4.000000;
	}
	[t:decal,n:*]
	{
		decal_orientation = -0.397910,0.917425,0.000000,0.000000,0.000000,-1.000000,-0.917425,-0.397910,0.000000;
		decal_origin = 1.673240,1.000000,-0.783061,0x880F50BA;
	  f far_plane = 1.100000;
	  x guid = 0x00000000;
	  f horizontal_meters = 4.000000;
	  f lod = 1.000000;
	  f near_plane = 0.100000;
		texture = Art\Bitmaps\Decals\b_d_grs01-path.%img%;
	  f vertical_meters = 4.000000;
	}
	[t:decal,n:*]
	{
		decal_orientation = 0.544861,-0.838526,0.000000,0.000000,0.000000,-1.000000,0.838526,0.544861,0.000000;
		decal_origin = 1.008096,1.000000,-1.393709,0x3AEEB4F8;
	  f far_plane = 1.100000;
	  x guid = 0x00000000;
	  f horizontal_meters = 4.000000;
	  f lod = 1.000000;
	  f near_plane = 0.100000;
		texture = Art\Bitmaps\Decals\b_d_grs01cbbl-path.%img%;
	  f vertical_meters = 4.000000;
	}
	[t:decal,n:*]
	{
		decal_orientation = -0.446447,0.894810,0.000000,0.000000,0.000000,-1.000000,-0.894810,-0.446447,0.000000;
		decal_origin = -1.888749,1.000000,-1.823918,0x3AEEB4F8;
	  f far_plane = 1.100000;
	  x guid = 0x00000000;
	  f horizontal_meters = 4.000000;
	  f lod = 1.000000;
	  f near_plane = 0.100000;
		texture = Art\Bitmaps\Decals\b_d_grs01cbbl-path.%img%;
	  f vertical_meters = 4.000000;
	}
	[t:decal,n:*]
	{
		decal_orientation = 0.995775,-0.091822,0.000000,0.000000,0.000000,-1.000000,0.091822,0.995775,0.000000;
		decal_origin = -1.632659,1.000000,-1.267963,0xF6224D12;
	  f far_plane = 1.100000;
	  x guid = 0x00000000;
	  f horizontal_meters = 4.000000;
	  f lod = 1.000000;
	  f near_plane = 0.100000;
		texture = Art\Bitmaps\Decals\b_d_grs01cbbl-path.%img%;
	  f vertical_meters = 4.000000;
	}
	[t:decal,n:*]
	{
		decal_orientation = -0.806697,0.590966,0.000000,0.000000,0.000000,-1.000000,-0.590966,-0.806697,0.000000;
		decal_origin = -0.159680,1.000000,1.768416,0x5D6A665D;
	  f far_plane = 1.100000;
	  x guid = 0x00000000;
	  f horizontal_meters = 4.000000;
	  f lod = 1.000000;
	  f near_plane = 0.100000;
		texture = Art\Bitmaps\Decals\b_d_grs01cbbl-path.%img%;
	  f vertical_meters = 4.000000;
	}
	[t:decal,n:*]
	{
		decal_orientation = -0.211068,0.977471,0.000000,0.000000,0.000000,-1.000000,-0.977471,-0.211068,0.000000;
		decal_origin = -0.172640,1.000000,1.808504,0x1ABD29C5;
	  f far_plane = 1.100000;
	  x guid = 0x00000000;
	  f horizontal_meters = 4.000000;
	  f lod = 1.000000;
	  f near_plane = 0.100000;
		texture = Art\Bitmaps\Decals\b_d_grs01cbbl-path.%img%;
	  f vertical_meters = 4.000000;
	}
	[t:decal,n:*]
	{
		decal_orientation = -0.190350,0.981716,0.000000,0.000000,0.000000,-1.000000,-0.981716,-0.190350,0.000000;
		decal_origin = 0.315356,1.000000,-0.676046,0x721EA870;
	  f far_plane = 1.100000;
	  x guid = 0x00000000;
	  f horizontal_meters = 4.000000;
	  f lod = 1.000000;
	  f near_plane = 0.100000;
		texture = Art\Bitmaps\Decals\b_d_grs01cbbl-path.%img%;
	  f vertical_meters = 4.000000;
	}
	[t:decal,n:*]
	{
		decal_orientation = -0.628143,0.778098,0.000000,0.000000,0.000000,-1.000000,-0.778098,-0.628143,0.000000;
		decal_origin = -0.081497,1.000000,0.350788,0xDB22897B;
	  f far_plane = 1.100000;
	  x guid = 0x00000000;
	  f horizontal_meters = 4.000000;
	  f lod = 1.000000;
	  f near_plane = 0.100000;
		texture = Art\Bitmaps\Decals\b_d_grs01cbbl-path.%img%;
	  f vertical_meters = 4.000000;
	}
	[t:decal,n:*]
	{
		decal_orientation = 0.000000,-1.000000,0.000000,0.000000,0.000000,-1.000000,1.000000,0.000000,0.000000;
		decal_origin = 1.918211,1.000002,-0.865200,0xDB22897B;
	  f far_plane = 1.100000;
	  x guid = 0x396AC17B;
	  f horizontal_meters = 4.000000;
	  f lod = 1.000000;
	  f near_plane = 0.100000;
		texture = Art\Bitmaps\Decals\b_d_grs01-path.%img%;
	  f vertical_meters = 4.000000;
	}
	[t:decal,n:*]
	{
		decal_orientation = 0.000000,-1.000000,0.000000,0.000000,0.000000,-1.000000,1.000000,0.000000,0.000000;
		decal_origin = 1.798853,1.000000,1.666597,0xDB22897B;
	  f far_plane = 1.100000;
	  x guid = 0x5FD47354;
	  f horizontal_meters = 4.000000;
	  f lod = 1.000000;
	  f near_plane = 0.100000;
		texture = Art\Bitmaps\Decals\b_d_grs01-path.%img%;
	  f vertical_meters = 4.000000;
	}
	[t:decal,n:*]
	{
		decal_orientation = -0.426286,0.904589,0.000000,0.000000,0.000000,-1.000000,-0.904589,-0.426286,0.000000;
		decal_origin = -1.631278,1.000000,1.952745,0x266457D0;
	  f far_plane = 1.100000;
	  x guid = 0x00000000;
	  f horizontal_meters = 4.000000;
	  f lod = 1.000000;
	  f near_plane = 0.100000;
		texture = Art\Bitmaps\Decals\b_d_grs01cbbl-path.%img%;
	  f vertical_meters = 4.000000;
	}
	[t:decal,n:*]
	{
		decal_orientation = 0.000000,-1.000000,0.000000,0.000000,0.000000,-1.000000,1.000000,0.000000,0.000000;
		decal_origin = 1.726524,1.000000,1.070878,0x9FAA2D12;
	  f far_plane = 1.100000;
	  x guid = 0x97F3579B;
	  f horizontal_meters = 4.000000;
	  f lod = 1.000000;
	  f near_plane = 0.100000;
		texture = Art\Bitmaps\Decals\b_d_grs01-path.%img%;
	  f vertical_meters = 4.000000;
	}
	[t:decal,n:*]
	{
		decal_orientation = -0.536575,0.843852,0.000000,0.000000,0.000000,-1.000000,-0.843852,-0.536575,0.000000;
		decal_origin = 0.896631,1.000000,-0.582731,0x7EE7F84E;
	  f far_plane = 1.100000;
	  x guid = 0x00000000;
	  f horizontal_meters = 4.000000;
	  f lod = 1.000000;
	  f near_plane = 0.100000;
		texture = Art\Bitmaps\Decals\b_d_grs01-path.%img%;
	  f vertical_meters = 4.000000;
	}
	[t:decal,n:*]
	{
		decal_orientation = 0.905249,-0.424882,0.000000,0.000000,0.000000,-1.000000,0.424882,0.905249,0.000000;
		decal_origin = -1.441265,1.000000,-1.718981,0x8E57503C;
	  f far_plane = 1.100000;
	  x guid = 0x00000000;
	  f horizontal_meters = 4.000000;
	  f lod = 1.000000;
	  f near_plane = 0.100000;
		texture = Art\Bitmaps\Decals\b_d_grs01-path.%img%;
	  f vertical_meters = 4.000000;
	}
	[t:decal,n:*]
	{
		decal_orientation = 0.292098,0.956389,0.000000,0.000000,0.000000,-1.000000,-0.956389,0.292098,0.000000;
		decal_origin = 1.147731,1.000000,1.251141,0x8E57503C;
	  f far_plane = 1.100000;
	  x guid = 0x00000000;
	  f horizontal_meters = 4.000000;
	  f lod = 1.000000;
	  f near_plane = 0.100000;
		texture = Art\Bitmaps\Decals\b_d_grs01-path.%img%;
	  f vertical_meters = 4.000000;
	}
	[t:decal,n:*]
	{
		decal_orientation = -0.394612,0.918848,0.000000,0.000000,0.000000,-1.000000,-0.918848,-0.394612,0.000000;
		decal_origin = 1.944072,1.000000,0.281024,0x07532EE2;
	  f far_plane = 1.100000;
	  x guid = 0x00000000;
	  f horizontal_meters = 4.000000;
	  f lod = 1.000000;
	  f near_plane = 0.100000;
		texture = Art\Bitmaps\Decals\b_d_grs01-path.%img%;
	  f vertical_meters = 4.000000;
	}
	[t:decal,n:*]
	{
		decal_orientation = -0.757434,-0.652912,0.000000,0.000000,0.000000,-1.000000,0.652912,-0.757434,0.000000;
		decal_origin = 0.531088,1.000000,0.783833,0xEC2E0E67;
	  f far_plane = 1.100000;
	  x guid = 0x00000000;
	  f horizontal_meters = 4.000000;
	  f lod = 1.000000;
	  f near_plane = 0.100000;
		texture = Art\Bitmaps\Decals\b_d_grs01-path.%img%;
	  f vertical_meters = 4.000000;
	}
	[t:decal,n:*]
	{
		decal_orientation = 0.827855,-0.560942,0.000000,0.000000,0.000000,-1.000000,0.560942,0.827855,0.000000;
		decal_origin = -0.778076,1.000000,-0.428454,0xE22D30E3;
	  f far_plane = 1.100000;
	  x guid = 0x00000000;
	  f horizontal_meters = 4.000000;
	  f lod = 1.000000;
	  f near_plane = 0.100000;
		texture = Art\Bitmaps\Decals\b_d_grs01-path.%img%;
	  f vertical_meters = 4.000000;
	}
	[t:decal,n:*]
	{
		decal_orientation = -0.611302,0.791398,0.000000,0.000000,0.000000,-1.000000,-0.791398,-0.611302,0.000000;
		decal_origin = 0.907150,1.000000,-0.668470,0xE22D30E3;
	  f far_plane = 1.100000;
	  x guid = 0x00000000;
	  f horizontal_meters = 4.000000;
	  f lod = 1.000000;
	  f near_plane = 0.100000;
		texture = Art\Bitmaps\Decals\b_d_grs01-path.%img%;
	  f vertical_meters = 4.000000;
	}
	[t:decal,n:*]
	{
		decal_orientation = 0.820336,0.571882,0.000000,0.000000,0.000000,-1.000000,-0.571882,0.820336,0.000000;
		decal_origin = -1.634638,1.000000,-1.184834,0xC0FB335D;
	  f far_plane = 1.100000;
	  x guid = 0x00000000;
	  f horizontal_meters = 4.000000;
	  f lod = 1.000000;
	  f near_plane = 0.100000;
		texture = Art\Bitmaps\Decals\b_d_grs01-path.%img%;
	  f vertical_meters = 4.000000;
	}
	[t:decal,n:*]
	{
		decal_orientation = 0.113318,-0.993559,0.000000,0.000000,0.000000,-1.000000,0.993559,0.113318,0.000000;
		decal_origin = 1.167334,1.000000,-0.256168,0xF70DDF1F;
	  f far_plane = 1.100000;
	  x guid = 0x00000000;
	  f horizontal_meters = 4.000000;
	  f lod = 1.000000;
	  f near_plane = 0.100000;
		texture = Art\Bitmaps\Decals\b_d_grs01-path.%img%;
	  f vertical_meters = 4.000000;
	}
	[t:decal,n:*]
	{
		decal_orientation = 0.702019,0.712158,0.000000,0.000000,0.000000,-1.000000,-0.712158,0.702019,0.000000;
		decal_origin = -1.172374,1.000000,-0.817538,0x32431E15;
	  f far_plane = 1.100000;
	  x guid = 0x00000000;
	  f horizontal_meters = 4.000000;
	  f lod = 1.000000;
	  f near_plane = 0.100000;
		texture = Art\Bitmaps\Decals\b_d_grs01-path.%img%;
	  f vertical_meters = 4.000000;
	}
	[t:decal,n:*]
	{
		decal_orientation = -0.710166,0.704034,0.000000,0.000000,0.000000,-1.000000,-0.704034,-0.710166,0.000000;
		decal_origin = 0.046468,1.000000,1.645902,0x46FA7F07;
	  f far_plane = 1.100000;
	  x guid = 0x00000000;
	  f horizontal_meters = 4.000000;
	  f lod = 1.000000;
	  f near_plane = 0.100000;
		texture = Art\Bitmaps\Decals\b_d_grs01-path.%img%;
	  f vertical_meters = 4.000000;
	}
	[t:decal,n:*]
	{
		decal_orientation = -0.894591,-0.446885,0.000000,0.000000,0.000000,-1.000000,0.446885,-0.894591,0.000000;
		decal_origin = -1.882301,1.000000,-1.768499,0x7F3303A1;
	  f far_plane = 1.100000;
	  x guid = 0x00000000;
	  f horizontal_meters = 4.000000;
	  f lod = 1.000000;
	  f near_plane = 0.100000;
		texture = Art\Bitmaps\Decals\b_d_grs01-path.%img%;
	  f vertical_meters = 4.000000;
	}
	[t:decal,n:*]
	{
		decal_orientation = 0.174946,0.984578,0.000000,0.000000,0.000000,-1.000000,-0.984578,0.174946,0.000000;
		decal_origin = -0.597195,1.000000,-1.723410,0xB5C02449;
	  f far_plane = 1.100000;
	  x guid = 0x00000000;
	  f horizontal_meters = 4.000000;
	  f lod = 1.000000;
	  f near_plane = 0.100000;
		texture = Art\Bitmaps\Decals\b_d_grs01-path.%img%;
	  f vertical_meters = 4.000000;
	}
	[t:decal,n:*]
	{
		decal_orientation = -0.731893,0.681420,0.000000,0.000000,0.000000,-1.000000,-0.681420,-0.731893,0.000000;
		decal_origin = -0.876799,1.000000,1.834174,0x86F7C894;
	  f far_plane = 1.100000;
	  x guid = 0x00000000;
	  f horizontal_meters = 4.000000;
	  f lod = 1.000000;
	  f near_plane = 0.100000;
		texture = Art\Bitmaps\Decals\b_d_grs01-path.%img%;
	  f vertical_meters = 4.000000;
	}
	[t:decal,n:*]
	{
		decal_orientation = 0.418279,0.908319,0.000000,0.000000,0.000000,-1.000000,-0.908319,0.418279,0.000000;
		decal_origin = 0.709553,1.000000,-1.941389,0x86F7C894;
	  f far_plane = 1.100000;
	  x guid = 0x00000000;
	  f horizontal_meters = 4.000000;
	  f lod = 1.000000;
	  f near_plane = 0.100000;
		texture = Art\Bitmaps\Decals\b_d_grs01-path.%img%;
	  f vertical_meters = 4.000000;
	}
	[t:decal,n:*]
	{
		decal_orientation = 0.098301,0.995157,0.000000,0.000000,0.000000,-1.000000,-0.995157,0.098301,0.000000;
		decal_origin = -0.980407,1.000000,0.453777,0x38A8B6DA;
	  f far_plane = 1.100000;
	  x guid = 0x00000000;
	  f horizontal_meters = 4.000000;
	  f lod = 1.000000;
	  f near_plane = 0.100000;
		texture = Art\Bitmaps\Decals\b_d_grs01-path.%img%;
	  f vertical_meters = 4.000000;
	}
	[t:decal,n:*]
	{
		decal_orientation = 0.000000,-1.000000,0.000000,0.000000,0.000000,-1.000000,1.000000,0.000000,0.000000;
		decal_origin = -0.223495,-2.650000,2.154368,0xD5A8597C;
	  f far_plane = 1.100000;
	  x guid = 0xEC6F68EB;
	  f horizontal_meters = 4.000000;
	  f lod = 1.000000;
	  f near_plane = 0.100000;
		texture = Art\Bitmaps\Decals\b_d_dirt-a.%img%;
	  f vertical_meters = 4.000000;
	}
	[t:decal,n:*]
	{
		decal_orientation = 0.000000,-1.000000,0.000000,0.000000,0.000000,-1.000000,1.000000,0.000000,0.000000;
		decal_origin = -1.492389,-2.650000,0.206199,0xD5A8597C;
	  f far_plane = 1.100000;
	  x guid = 0x3BB5C43E;
	  f horizontal_meters = 4.000000;
	  f lod = 1.000000;
	  f near_plane = 0.100000;
		texture = Art\Bitmaps\Decals\b_d_dirt-a.%img%;
	  f vertical_meters = 4.000000;
	}
	[t:decal,n:*]
	{
		decal_orientation = 0.000000,-1.000000,0.000000,0.000000,0.000000,-1.000000,1.000000,0.000000,0.000000;
		decal_origin = 1.370403,-2.649998,1.503788,0xD5A8597C;
	  f far_plane = 1.100000;
	  x guid = 0x1393EE5B;
	  f horizontal_meters = 4.000000;
	  f lod = 1.000000;
	  f near_plane = 0.100000;
		texture = Art\Bitmaps\Decals\b_d_dust-a.%img%;
	  f vertical_meters = 4.000000;
	}
	[t:decal,n:*]
	{
		decal_orientation = 0.000000,-1.000000,0.000000,0.000000,0.000000,-1.000000,1.000000,0.000000,0.000000;
		decal_origin = 3.376030,-2.650002,-1.715657,0xD5A8597C;
	  f far_plane = 1.100000;
	  x guid = 0xF6A54545;
	  f horizontal_meters = 4.000000;
	  f lod = 1.000000;
	  f near_plane = 0.100000;
		texture = Art\Bitmaps\Decals\b_d_dust-a.%img%;
	  f vertical_meters = 4.000000;
	}
	[t:decal,n:*]
	{
		decal_orientation = 0.000000,-1.000000,0.000000,0.000000,0.000000,-1.000000,1.000000,0.000000,0.000000;
		decal_origin = -2.474228,-2.650000,-0.502630,0xD5A8597C;
	  f far_plane = 1.100000;
	  x guid = 0x90B61FA0;
	  f horizontal_meters = 4.000000;
	  f lod = 1.000000;
	  f near_plane = 0.100000;
		texture = Art\Bitmaps\Decals\b_d_grs01-a.%img%;
	  f vertical_meters = 4.000000;
	}
	[t:decal,n:*]
	{
		decal_orientation = 0.000000,-1.000000,0.000000,0.000000,0.000000,-1.000000,1.000000,0.000000,0.000000;
		decal_origin = 4.665085,-2.650000,0.944036,0xD5A8597C;
	  f far_plane = 1.100000;
	  x guid = 0x13F77964;
	  f horizontal_meters = 4.000000;
	  f lod = 1.000000;
	  f near_plane = 0.100000;
		texture = Art\Bitmaps\Decals\b_d_dirt-a.%img%;
	  f vertical_meters = 4.000000;
	}
	[t:decal,n:*]
	{
		decal_orientation = -0.845144,-0.534538,0.000000,0.000000,0.000000,-1.000000,0.534538,-0.845144,0.000000;
		decal_origin = -1.773115,1.000000,0.031956,0x84637F14;
	  f far_plane = 1.100000;
	  x guid = 0x00000000;
	  f horizontal_meters = 4.000000;
	  f lod = 1.000000;
	  f near_plane = 0.100000;
		texture = Art\Bitmaps\Decals\b_d_grs01-path.%img%;
	  f vertical_meters = 4.000000;
	}
	[t:decal,n:*]
	{
		decal_orientation = 0.797061,-0.603899,0.000000,0.000000,0.000000,-1.000000,0.603899,0.797061,0.000000;
		decal_origin = 0.385855,1.000000,-0.632469,0x74FBDDE8;
	  f far_plane = 1.100000;
	  x guid = 0x00000000;
	  f horizontal_meters = 4.000000;
	  f lod = 1.000000;
	  f near_plane = 0.100000;
		texture = Art\Bitmaps\Decals\b_d_grs01-path.%img%;
	  f vertical_meters = 4.000000;
	}
	[t:decal,n:*]
	{
		decal_orientation = 0.000000,-1.000000,0.000000,0.000000,0.000000,-1.000000,1.000000,0.000000,0.000000;
		decal_origin = 3.476448,-2.000002,-1.175302,0x48B898F3;
	  f far_plane = 1.100000;
	  x guid = 0xB0CF5854;
	  f horizontal_meters = 4.000000;
	  f lod = 1.000000;
	  f near_plane = 0.100000;
		texture = Art\Bitmaps\Decals\b_d_burnt-wood-a.%img%;
	  f vertical_meters = 4.000000;
	}
	[t:decal,n:*]
	{
		decal_orientation = 0.244365,0.002962,0.969679,0.000000,0.999995,-0.003055,-0.969683,0.000746,0.244364;
		decal_origin = 3.459345,-2.441411,-1.357362,0x48B898F3;
	  f far_plane = 1.100000;
	  x guid = 0xA7AE00FD;
	  f horizontal_meters = 4.000000;
	  f lod = 1.000000;
	  f near_plane = 0.100000;
		texture = Art\Bitmaps\Decals\b_d_burnt-wood-a.%img%;
	  f vertical_meters = 4.000000;
	}
	[t:decal,n:*]
	{
		decal_orientation = 0.000000,-1.000000,0.000000,0.000000,0.000000,-1.000000,1.000000,0.000000,0.000000;
		decal_origin = -0.458310,-1.999998,2.195134,0x48B898F3;
	  f far_plane = 1.100000;
	  x guid = 0x37EDD967;
	  f horizontal_meters = 4.000000;
	  f lod = 1.000000;
	  f near_plane = 0.100000;
		texture = Art\Bitmaps\Decals\b_d_dirt-a.%img%;
	  f vertical_meters = 4.000000;
	}
	[t:decal,n:*]
	{
		decal_orientation = 0.000000,-1.000000,0.000000,0.000000,0.000000,-1.000000,1.000000,0.000000,0.000000;
		decal_origin = -0.671147,-1.100002,2.545727,0x46A39592;
	  f far_plane = 1.100000;
	  x guid = 0x58058045;
	  f horizontal_meters = 4.000000;
	  f lod = 1.000000;
	  f near_plane = 0.100000;
		texture = Art\Bitmaps\Decals\b_d_dirt-a.%img%;
	  f vertical_meters = 4.000000;
	}
	[t:decal,n:*]
	{
		decal_orientation = 0.000000,-1.000000,0.000000,0.000000,0.000000,-1.000000,1.000000,0.000000,0.000000;
		decal_origin = 4.969457,-2.100002,-1.513559,0x46A39592;
	  f far_plane = 1.100000;
	  x guid = 0x211E6D38;
	  f horizontal_meters = 4.000000;
	  f lod = 1.000000;
	  f near_plane = 0.100000;
		texture = Art\Bitmaps\Decals\b_d_dirt-a.%img%;
	  f vertical_meters = 4.000000;
	}
	[t:decal,n:*]
	{
		decal_orientation = 0.000000,-1.000000,0.000000,0.000000,0.000000,-1.000000,1.000000,0.000000,0.000000;
		decal_origin = 0.783445,-2.100000,-3.749438,0x46A39592;
	  f far_plane = 1.100000;
	  x guid = 0x9BB0463B;
	  f horizontal_meters = 4.000000;
	  f lod = 1.000000;
	  f near_plane = 0.100000;
		texture = Art\Bitmaps\Decals\b_d_grs01-a.%img%;
	  f vertical_meters = 4.000000;
	}
	[t:decal,n:*]
	{
		decal_orientation = 0.000000,-1.000000,0.000000,0.000000,0.000000,-1.000000,1.000000,0.000000,0.000000;
		decal_origin = -7.457328,-2.100000,0.044775,0x46A39592;
	  f far_plane = 1.100000;
	  x guid = 0xA2BA2F1D;
	  f horizontal_meters = 4.000000;
	  f lod = 1.000000;
	  f near_plane = 0.100000;
		texture = Art\Bitmaps\Decals\b_d_grs01-a.%img%;
	  f vertical_meters = 4.000000;
	}
	[t:decal,n:*]
	{
		decal_orientation = 0.000000,-1.000000,0.000000,0.000000,0.000000,-1.000000,1.000000,0.000000,0.000000;
		decal_origin = -4.975292,-2.099998,-6.722267,0x46A39592;
	  f far_plane = 1.100000;
	  x guid = 0x0C05819E;
	  f horizontal_meters = 4.000000;
	  f lod = 1.000000;
	  f near_plane = 0.100000;
		texture = Art\Bitmaps\Decals\b_d_grs01-a.%img%;
	  f vertical_meters = 4.000000;
	}
	[t:decal,n:*]
	{
		decal_orientation = 0.000000,-1.000000,0.000000,0.000000,0.000000,-1.000000,1.000000,0.000000,0.000000;
		decal_origin = -2.427034,-2.100000,-6.440780,0x46A39592;
	  f far_plane = 1.100000;
	  x guid = 0x546F2065;
	  f horizontal_meters = 4.000000;
	  f lod = 1.000000;
	  f near_plane = 0.100000;
		texture = Art\Bitmaps\Decals\b_d_grs01-a.%img%;
	  f vertical_meters = 4.000000;
	}
	[t:decal,n:*]
	{
		decal_orientation = 0.430311,-0.902681,0.000000,0.000000,0.000000,-1.000000,0.902681,0.430311,0.000000;
		decal_origin = -1.552716,1.000000,-1.024245,0xAE53CA2D;
	  f far_plane = 1.100000;
	  x guid = 0x00000000;
	  f horizontal_meters = 4.000000;
	  f lod = 1.000000;
	  f near_plane = 0.100000;
		texture = Art\Bitmaps\Decals\b_d_grs01cbbl-path.%img%;
	  f vertical_meters = 4.000000;
	}
	[t:decal,n:*]
	{
		decal_orientation = -0.999432,-0.033700,0.000000,0.000000,0.000000,-1.000000,0.033700,-0.999432,0.000000;
		decal_origin = -0.202622,1.000000,-0.696672,0xFB0AA9FB;
	  f far_plane = 1.100000;
	  x guid = 0x00000000;
	  f horizontal_meters = 4.000000;
	  f lod = 1.000000;
	  f near_plane = 0.100000;
		texture = Art\Bitmaps\Decals\b_d_grs01cbbl-path.%img%;
	  f vertical_meters = 4.000000;
	}
	[t:decal,n:*]
	{
		decal_orientation = 0.972862,-0.231385,0.000000,0.000000,0.000000,-1.000000,0.231385,0.972862,0.000000;
		decal_origin = -0.368020,1.000000,-1.422422,0x856BE7F5;
	  f far_plane = 1.100000;
	  x guid = 0x00000000;
	  f horizontal_meters = 4.000000;
	  f lod = 1.000000;
	  f near_plane = 0.100000;
		texture = Art\Bitmaps\Decals\b_d_grs01cbbl-path.%img%;
	  f vertical_meters = 4.000000;
	}
	[t:decal,n:*]
	{
		decal_orientation = -0.779574,-0.626311,0.000000,0.000000,0.000000,-1.000000,0.626311,-0.779574,0.000000;
		decal_origin = -0.549459,1.000000,0.929024,0xDF3297C3;
	  f far_plane = 1.100000;
	  x guid = 0x00000000;
	  f horizontal_meters = 4.000000;
	  f lod = 1.000000;
	  f near_plane = 0.100000;
		texture = Art\Bitmaps\Decals\b_d_grs01-path.%img%;
	  f vertical_meters = 4.000000;
	}
	[t:decal,n:*]
	{
		decal_orientation = 0.359900,-0.932991,0.000000,0.000000,0.000000,-1.000000,0.932991,0.359900,0.000000;
		decal_origin = 0.873334,1.000000,-1.191831,0x9C792768;
	  f far_plane = 1.100000;
	  x guid = 0x00000000;
	  f horizontal_meters = 4.000000;
	  f lod = 1.000000;
	  f near_plane = 0.100000;
		texture = Art\Bitmaps\Decals\b_d_grs01-path.%img%;
	  f vertical_meters = 4.000000;
	}
	[t:decal,n:*]
	{
		decal_orientation = 0.000000,-1.000000,0.000000,0.000000,0.000000,-1.000000,1.000000,0.000000,0.000000;
		decal_origin = -0.767425,-2.650002,2.246297,0x5419DD1B;
	  f far_plane = 1.100000;
	  x guid = 0xB0DA1C42;
	  f horizontal_meters = 4.000000;
	  f lod = 1.000000;
	  f near_plane = 0.100000;
		texture = Art\Bitmaps\Decals\b_d_grs01-a.%img%;
	  f vertical_meters = 4.000000;
	}
	[t:decal,n:*]
	{
		decal_orientation = 0.000000,-1.000000,0.000000,0.000000,0.000000,-1.000000,1.000000,0.000000,0.000000;
		decal_origin = 3.387175,-2.650000,-1.495883,0x5419DD1B;
	  f far_plane = 1.100000;
	  x guid = 0xC3A74E80;
	  f horizontal_meters = 4.000000;
	  f lod = 1.000000;
	  f near_plane = 0.100000;
		texture = Art\Bitmaps\Decals\b_d_grs01-a.%img%;
	  f vertical_meters = 4.000000;
	}
	[t:decal,n:*]
	{
		decal_orientation = 0.000000,-1.000000,0.000000,0.000000,0.000000,-1.000000,1.000000,0.000000,0.000000;
		decal_origin = -0.130356,-2.650000,-0.411528,0x5419DD1B;
	  f far_plane = 1.100000;
	  x guid = 0xF343433C;
	  f horizontal_meters = 4.000000;
	  f lod = 1.000000;
	  f near_plane = 0.100000;
		texture = Art\Bitmaps\Decals\b_d_dirt-a.%img%;
	  f vertical_meters = 4.000000;
	}
	[t:decal,n:*]
	{
		decal_orientation = 0.000000,-1.000000,0.000000,0.000000,0.000000,-1.000000,1.000000,0.000000,0.000000;
		decal_origin = 4.647015,-2.650002,0.687336,0x5419DD1B;
	  f far_plane = 1.100000;
	  x guid = 0x7AA8DD8D;
	  f horizontal_meters = 4.000000;
	  f lod = 1.000000;
	  f near_plane = 0.100000;
		texture = Art\Bitmaps\Decals\b_d_dirt-a.%img%;
	  f vertical_meters = 4.000000;
	}
	[t:decal,n:*]
	{
		decal_orientation = -0.429378,-0.903125,0.000000,0.000000,0.000000,-1.000000,0.903125,-0.429378,0.000000;
		decal_origin = 0.007389,1.000000,1.580458,0x5F982969;
	  f far_plane = 1.100000;
	  x guid = 0x00000000;
	  f horizontal_meters = 4.000000;
	  f lod = 1.000000;
	  f near_plane = 0.100000;
		texture = Art\Bitmaps\Decals\b_d_grs01-path.%img%;
	  f vertical_meters = 4.000000;
	}
	[t:decal,n:*]
	{
		decal_orientation = 0.571665,0.820487,0.000000,0.000000,0.000000,-1.000000,-0.820487,0.571665,0.000000;
		decal_origin = 1.596774,1.000000,-1.611353,0x2250250F;
	  f far_plane = 1.100000;
	  x guid = 0x00000000;
	  f horizontal_meters = 4.000000;
	  f lod = 1.000000;
	  f near_plane = 0.100000;
		texture = Art\Bitmaps\Decals\b_d_grs01-path.%img%;
	  f vertical_meters = 4.000000;
	}
	[t:decal,n:*]
	{
		decal_orientation = -0.999227,-0.039317,0.000000,0.000000,0.000000,-1.000000,0.039317,-0.999227,0.000000;
		decal_origin = 0.069445,1.000000,-1.812123,0x70990840;
	  f far_plane = 1.100000;
	  x guid = 0x00000000;
	  f horizontal_meters = 4.000000;
	  f lod = 1.000000;
	  f near_plane = 0.100000;
		texture = Art\Bitmaps\Decals\b_d_grs01-path.%img%;
	  f vertical_meters = 4.000000;
	}
	[t:decal,n:*]
	{
		decal_orientation = 0.720521,-0.693433,0.000000,0.000000,0.000000,-1.000000,0.693433,0.720521,0.000000;
		decal_origin = 0.220248,1.000000,-0.376590,0xBF475926;
	  f far_plane = 1.100000;
	  x guid = 0x00000000;
	  f horizontal_meters = 4.000000;
	  f lod = 1.000000;
	  f near_plane = 0.100000;
		texture = Art\Bitmaps\Decals\b_d_grs01-path.%img%;
	  f vertical_meters = 4.000000;
	}
	[t:decal,n:*]
	{
		decal_orientation = -0.988996,0.147944,0.000000,0.000000,0.000000,-1.000000,-0.147944,-0.988996,0.000000;
		decal_origin = -0.566467,1.000000,0.253310,0x0F240CF8;
	  f far_plane = 1.100000;
	  x guid = 0x00000000;
	  f horizontal_meters = 4.000000;
	  f lod = 1.000000;
	  f near_plane = 0.100000;
		texture = Art\Bitmaps\Decals\b_d_grs01-path.%img%;
	  f vertical_meters = 4.000000;
	}
	[t:decal,n:*]
	{
		decal_orientation = 0.000000,-1.000000,0.000000,0.000000,0.000000,-1.000000,1.000000,0.000000,0.000000;
		decal_origin = -6.414846,-0.900002,-2.437037,0x7EA1508C;
	  f far_plane = 1.100000;
	  x guid = 0xE6A81F3D;
	  f horizontal_meters = 4.000000;
	  f lod = 1.000000;
	  f near_plane = 0.100000;
		texture = Art\Bitmaps\Decals\b_d_grs01-a.%img%;
	  f vertical_meters = 4.000000;
	}
	[t:decal,n:*]
	{
		decal_orientation = 0.000000,-1.000000,0.000000,0.000000,0.000000,-1.000000,1.000000,0.000000,0.000000;
		decal_origin = -7.090442,-0.900002,1.150662,0x7EA1508C;
	  f far_plane = 1.100000;
	  x guid = 0x0CC3B10B;
	  f horizontal_meters = 4.000000;
	  f lod = 1.000000;
	  f near_plane = 0.100000;
		texture = Art\Bitmaps\Decals\b_d_grs01-a.%img%;
	  f vertical_meters = 4.000000;
	}
	[t:decal,n:*]
	{
		decal_orientation = 0.000000,-1.000000,0.000000,0.000000,0.000000,-1.000000,1.000000,0.000000,0.000000;
		decal_origin = -6.500373,-0.900000,10.437975,0x7EA1508C;
	  f far_plane = 1.100000;
	  x guid = 0xA618385B;
	  f horizontal_meters = 4.000000;
	  f lod = 1.000000;
	  f near_plane = 0.100000;
		texture = Art\Bitmaps\Decals\b_d_grs01-a.%img%;
	  f vertical_meters = 4.000000;
	}
	[t:decal,n:*]
	{
		decal_orientation = 0.000000,-1.000000,0.000000,0.000000,0.000000,-1.000000,1.000000,0.000000,0.000000;
		decal_origin = 7.453200,-0.899998,0.303240,0x7EA1508C;
	  f far_plane = 1.100000;
	  x guid = 0x1D92F237;
	  f horizontal_meters = 4.000000;
	  f lod = 1.000000;
	  f near_plane = 0.100000;
		texture = Art\Bitmaps\Decals\b_d_dirt-a.%img%;
	  f vertical_meters = 4.000000;
	}
	[t:decal,n:*]
	{
		decal_orientation = 0.000000,-1.000000,0.000000,0.000000,0.000000,-1.000000,1.000000,0.000000,0.000000;
		decal_origin = 7.925812,-0.900000,2.520201,0x7EA1508C;
	  f far_plane = 1.100000;
	  x guid = 0x39A5ABA0;
	  f horizontal_meters = 4.000000;
	  f lod = 1.000000;
	  f near_plane = 0.100000;
		texture = Art\Bitmaps\Decals\b_d_dirt-a.%img%;
	  f vertical_meters = 4.000000;
	}
	[t:decal,n:*]
	{
		decal_orientation = 0.000000,-1.000000,0.000000,0.000000,0.000000,-1.000000,1.000000,0.000000,0.000000;
		decal_origin = 9.211040,-0.900000,5.932535,0x7EA1508C;
	  f far_plane = 1.100000;
	  x guid = 0x5189B74B;
	  f horizontal_meters = 4.000000;
	  f lod = 1.000000;
	  f near_plane = 0.100000;
		texture = Art\Bitmaps\Decals\b_d_dirt-a.%img%;
	  f vertical_meters = 4.000000;
	}
	[t:decal,n:*]
	{
		decal_orientation = 0.000000,-1.000000,0.000000,0.000000,0.000000,-1.000000,1.000000,0.000000,0.000000;
		decal_origin = 6.285575,-0.900000,3.181260,0x7EA1508C;
	  f far_plane = 1.100000;
	  x guid = 0xFA9B8ADE;
	  f horizontal_meters = 4.000000;
	  f lod = 1.000000;
	  f near_plane = 0.100000;
		texture = Art\Bitmaps\Decals\b_d_sawdust-a.%img%;
	  f vertical_meters = 4.000000;
	}
	[t:decal,n:*]
	{
		decal_orientation = -1.000000,0.000000,0.000000,0.000000,0.000000,-1.000000,0.000000,-1.000000,0.000000;
		decal_origin = 2.358921,0.999997,-2.645752,0x88FAD160;
	  f far_plane = 1.100000;
	  x guid = 0x0C90BD5D;
	  f horizontal_meters = 5.000000;
	  f lod = 1.000000;
	  f near_plane = 0.100000;
		texture = Art\Bitmaps\Decals\b_d_dirt-a.%img%;
	  f vertical_meters = 5.000000;
	}
	[t:decal,n:*]
	{
		decal_orientation = -0.803071,-0.595883,0.000000,0.000000,0.000000,-1.000000,0.595883,-0.803071,0.000000;
		decal_origin = -0.674333,1.000000,-0.726599,0x4262FEFE;
	  f far_plane = 1.100000;
	  x guid = 0x00000000;
	  f horizontal_meters = 4.000000;
	  f lod = 1.000000;
	  f near_plane = 0.100000;
		texture = Art\Bitmaps\Decals\b_d_grs01-path.%img%;
	  f vertical_meters = 4.000000;
	}
	[t:decal,n:*]
	{
		decal_orientation = 0.595534,0.803330,0.000000,0.000000,0.000000,-1.000000,-0.803330,0.595534,0.000000;
		decal_origin = -0.731180,1.000000,1.783405,0x0ABA8424;
	  f far_plane = 1.100000;
	  x guid = 0x00000000;
	  f horizontal_meters = 4.000000;
	  f lod = 1.000000;
	  f near_plane = 0.100000;
		texture = Art\Bitmaps\Decals\b_d_grs01cbbl-path.%img%;
	  f vertical_meters = 4.000000;
	}
	[t:decal,n:*]
	{
		decal_orientation = -0.195084,0.980787,0.000000,0.000000,0.000000,-1.000000,-0.980787,-0.195084,0.000000;
		decal_origin = 1.796947,1.000000,0.501436,0xE8CE7F26;
	  f far_plane = 1.100000;
	  x guid = 0x00000000;
	  f horizontal_meters = 4.000000;
	  f lod = 1.000000;
	  f near_plane = 0.100000;
		texture = Art\Bitmaps\Decals\b_d_grs01cbbl-path.%img%;
	  f vertical_meters = 4.000000;
	}
	[t:decal,n:*]
	{
		decal_orientation = -0.926914,0.375273,0.000000,0.000000,0.000000,-1.000000,-0.375273,-0.926914,0.000000;
		decal_origin = 0.979237,1.000000,1.707482,0x6FCCE41B;
	  f far_plane = 1.100000;
	  x guid = 0x00000000;
	  f horizontal_meters = 4.000000;
	  f lod = 1.000000;
	  f near_plane = 0.100000;
		texture = Art\Bitmaps\Decals\b_d_grs01cbbl-path.%img%;
	  f vertical_meters = 4.000000;
	}
	[t:decal,n:*]
	{
		decal_orientation = 0.372490,0.928036,0.000000,0.000000,0.000000,-1.000000,-0.928036,0.372490,0.000000;
		decal_origin = 1.436007,1.000000,-0.952271,0x96CFFA5E;
	  f far_plane = 1.100000;
	  x guid = 0x00000000;
	  f horizontal_meters = 4.000000;
	  f lod = 1.000000;
	  f near_plane = 0.100000;
		texture = Art\Bitmaps\Decals\b_d_grs01cbbl-path.%img%;
	  f vertical_meters = 4.000000;
	}
	[t:decal,n:*]
	{
		decal_orientation = 0.996707,0.081082,0.000000,0.000000,0.000000,-1.000000,-0.081082,0.996707,0.000000;
		decal_origin = -0.418264,1.000000,-0.611163,0x7FF9A270;
	  f far_plane = 1.100000;
	  x guid = 0x00000000;
	  f horizontal_meters = 4.000000;
	  f lod = 1.000000;
	  f near_plane = 0.100000;
		texture = Art\Bitmaps\Decals\b_d_grs01-path.%img%;
	  f vertical_meters = 4.000000;
	}
	[t:decal,n:*]
	{
		decal_orientation = -0.881827,-0.471573,0.000000,0.000000,0.000000,-1.000000,0.471573,-0.881827,0.000000;
		decal_origin = 0.237134,1.000000,-0.410292,0x1DDC40EF;
	  f far_plane = 1.100000;
	  x guid = 0x00000000;
	  f horizontal_meters = 4.000000;
	  f lod = 1.000000;
	  f near_plane = 0.100000;
		texture = Art\Bitmaps\Decals\b_d_grs01-path.%img%;
	  f vertical_meters = 4.000000;
	}
	[t:decal,n:*]
	{
		decal_orientation = 0.670348,-0.742047,0.000000,0.000000,0.000000,-1.000000,0.742047,0.670348,0.000000;
		decal_origin = 0.553641,1.000000,1.469180,0x1DDC40EF;
	  f far_plane = 1.100000;
	  x guid = 0x00000000;
	  f horizontal_meters = 4.000000;
	  f lod = 1.000000;
	  f near_plane = 0.100000;
		texture = Art\Bitmaps\Decals\b_d_grs01-path.%img%;
	  f vertical_meters = 4.000000;
	}
	[t:decal,n:*]
	{
		decal_orientation = 0.126925,0.991912,0.000000,0.000000,0.000000,-1.000000,-0.991912,0.126925,0.000000;
		decal_origin = -0.345371,1.000000,1.465129,0xD4B64E1A;
	  f far_plane = 1.100000;
	  x guid = 0x00000000;
	  f horizontal_meters = 4.000000;
	  f lod = 1.000000;
	  f near_plane = 0.100000;
		texture = Art\Bitmaps\Decals\b_d_grs01-path.%img%;
	  f vertical_meters = 4.000000;
	}
	[t:decal,n:*]
	{
		decal_orientation = 0.999591,0.028616,0.000000,0.000000,0.000000,-1.000000,-0.028616,0.999591,0.000000;
		decal_origin = -0.177362,1.000000,1.349492,0xCB07A0DF;
	  f far_plane = 1.100000;
	  x guid = 0x00000000;
	  f horizontal_meters = 4.000000;
	  f lod = 1.000000;
	  f near_plane = 0.100000;
		texture = Art\Bitmaps\Decals\b_d_grs01-path.%img%;
	  f vertical_meters = 4.000000;
	}
	[t:decal,n:*]
	{
		decal_orientation = -0.839036,0.544075,0.000000,0.000000,0.000000,-1.000000,-0.544075,-0.839036,0.000000;
		decal_origin = 0.054079,1.000000,0.961085,0x71A523D2;
	  f far_plane = 1.100000;
	  x guid = 0x00000000;
	  f horizontal_meters = 4.000000;
	  f lod = 1.000000;
	  f near_plane = 0.100000;
		texture = Art\Bitmaps\Decals\b_d_grs01-path.%img%;
	  f vertical_meters = 4.000000;
	}
	[t:decal,n:*]
	{
		decal_orientation = -0.998378,-0.056940,0.000000,0.000000,0.000000,-1.000000,0.056940,-0.998378,0.000000;
