[decals]
{
	[t:decal,n:*]
	{
		decal_orientation = -0.536223,0.844076,0.000000,0.000000,0.000000,-1.000000,-0.844076,-0.536223,0.000000;
		decal_origin = 0.367909,1.000000,0.513744,0x43C87F4A;
	  f far_plane = 1.100000;
	  x guid = 0x00000000;
	  f horizontal_meters = 4.000000;
	  f lod = 1.000000;
	  f near_plane = 0.100000;
		texture = Art\Bitmaps\Decals\b_d_grs01cbbl-path.%img%;
	  f vertical_meters = 4.000000;
	}
	[t:decal,n:*]
	{
		decal_orientation = -0.121206,0.992627,0.000000,0.000000,0.000000,-1.000000,-0.992627,-0.121206,0.000000;
		decal_origin = -1.223538,1.000000,1.139026,0xCA7BB14D;
	  f far_plane = 1.100000;
	  x guid = 0x00000000;
	  f horizontal_meters = 4.000000;
	  f lod = 1.000000;
	  f near_plane = 0.100000;
		texture = Art\Bitmaps\Decals\b_d_grs01cbbl-path.%img%;
	  f vertical_meters = 4.000000;
	}
	[t:decal,n:*]
	{
		decal_orientation = 0.673421,-0.739259,0.000000,0.000000,0.000000,-1.000000,0.739259,0.673421,0.000000;
		decal_origin = 1.002601,1.000000,-0.740299,0xCAF63FCF;
	  f far_plane = 1.100000;
	  x guid = 0x00000000;
	  f horizontal_meters = 4.000000;
	  f lod = 1.000000;
	  f near_plane = 0.100000;
		texture = Art\Bitmaps\Decals\b_d_grs01cbbl-path.%img%;
	  f vertical_meters = 4.000000;
	}
	[t:decal,n:*]
	{
		decal_orientation = -0.051231,0.998687,0.000000,0.000000,0.000000,-1.000000,-0.998687,-0.051231,0.000000;
		decal_origin = 1.960878,1.000000,0.243588,0x090AA818;
	  f far_plane = 1.100000;
	  x guid = 0x00000000;
	  f horizontal_meters = 4.000000;
	  f lod = 1.000000;
	  f near_plane = 0.100000;
		texture = Art\Bitmaps\Decals\b_d_grs01cbbl-path.%img%;
	  f vertical_meters = 4.000000;
	}
	[t:decal,n:*]
	{
		decal_orientation = 0.119945,0.992781,0.000000,0.000000,0.000000,-1.000000,-0.992781,0.119945,0.000000;
		decal_origin = -1.850927,1.000000,-1.246574,0x1E9F4866;
	  f far_plane = 1.100000;
	  x guid = 0x00000000;
	  f horizontal_meters = 4.000000;
	  f lod = 1.000000;
	  f near_plane = 0.100000;
		texture = Art\Bitmaps\Decals\b_d_grs01cbbl-path.%img%;
	  f vertical_meters = 4.000000;
	}
	[t:decal,n:*]
	{
		decal_orientation = 0.463472,0.886111,0.000000,0.000000,0.000000,-1.000000,-0.886111,0.463472,0.000000;
		decal_origin = -0.152697,1.000000,-0.187989,0x940C7C30;
	  f far_plane = 1.100000;
	  x guid = 0x00000000;
	  f horizontal_meters = 4.000000;
	  f lod = 1.000000;
	  f near_plane = 0.100000;
		texture = Art\Bitmaps\Decals\b_d_grs01cbbl-path.%img%;
	  f vertical_meters = 4.000000;
	}
	[t:decal,n:*]
	{
		decal_orientation = 0.976187,-0.216932,0.000000,0.000000,0.000000,-1.000000,0.216932,0.976187,0.000000;
		decal_origin = -1.037635,1.000000,0.006162,0x66385B98;
	  f far_plane = 1.100000;
	  x guid = 0x00000000;
	  f horizontal_meters = 4.000000;
	  f lod = 1.000000;
	  f near_plane = 0.100000;
		texture = Art\Bitmaps\Decals\b_d_grs01cbbl-path.%img%;
	  f vertical_meters = 4.000000;
	}
	[t:decal,n:*]
	{
		decal_orientation = 0.668953,-0.743305,0.000000,0.000000,0.000000,-1.000000,0.743305,0.668953,0.000000;
		decal_origin = 0.277642,1.000000,0.790822,0x66385B98;
	  f far_plane = 1.100000;
	  x guid = 0x00000000;
	  f horizontal_meters = 4.000000;
	  f lod = 1.000000;
	  f near_plane = 0.100000;
		texture = Art\Bitmaps\Decals\b_d_grs01cbbl-path.%img%;
	  f vertical_meters = 4.000000;
	}
	[t:decal,n:*]
	{
		decal_orientation = 0.952868,0.303386,0.000000,0.000000,0.000000,-1.000000,-0.303386,0.952868,0.000000;
		decal_origin = -1.972370,1.000000,-1.332077,0x477803BB;
	  f far_plane = 1.100000;
	  x guid = 0x00000000;
	  f horizontal_meters = 4.000000;
	  f lod = 1.000000;
	  f near_plane = 0.100000;
		texture = Art\Bitmaps\Decals\b_d_grs01cbbl-path.%img%;
	  f vertical_meters = 4.000000;
	}
	[t:decal,n:*]
	{
		decal_orientation = -0.473541,-0.880772,0.000000,0.000000,0.000000,-1.000000,0.880772,-0.473541,0.000000;
		decal_origin = -0.366398,1.000000,-0.082346,0x48ED42D7;
	  f far_plane = 1.100000;
	  x guid = 0x00000000;
	  f horizontal_meters = 4.000000;
	  f lod = 1.000000;
	  f near_plane = 0.100000;
		texture = Art\Bitmaps\Decals\b_d_grs01-path.%img%;
	  f vertical_meters = 4.000000;
	}
	[t:decal,n:*]
	{
		decal_orientation = -0.189962,0.981791,0.000000,0.000000,0.000000,-1.000000,-0.981791,-0.189962,0.000000;
		decal_origin = 0.415287,1.000000,1.099628,0x6AF4730A;
	  f far_plane = 1.100000;
	  x guid = 0x00000000;
	  f horizontal_meters = 4.000000;
	  f lod = 1.000000;
	  f near_plane = 0.100000;
		texture = Art\Bitmaps\Decals\b_d_grs01-path.%img%;
	  f vertical_meters = 4.000000;
	}
	[t:decal,n:*]
	{
		decal_orientation = 0.576595,-0.817030,0.000000,0.000000,0.000000,-1.000000,0.817030,0.576595,0.000000;
		decal_origin = -1.015170,1.000000,-0.754887,0x00BCF956;
	  f far_plane = 1.100000;
	  x guid = 0x00000000;
	  f horizontal_meters = 4.000000;
	  f lod = 1.000000;
	  f near_plane = 0.100000;
		texture = Art\Bitmaps\Decals\b_d_grs01-path.%img%;
	  f vertical_meters = 4.000000;
	}
	[t:decal,n:*]
	{
		decal_orientation = -0.071445,0.997445,0.000000,0.000000,0.000000,-1.000000,-0.997445,-0.071445,0.000000;
		decal_origin = -0.770506,1.000000,0.786677,0x24942707;
	  f far_plane = 1.100000;
	  x guid = 0x00000000;
	  f horizontal_meters = 4.000000;
	  f lod = 1.000000;
	  f near_plane = 0.100000;
		texture = Art\Bitmaps\Decals\b_d_grs01-path.%img%;
	  f vertical_meters = 4.000000;
	}
	[t:decal,n:*]
	{
		decal_orientation = -0.292071,-0.956397,0.000000,0.000000,0.000000,-1.000000,0.956397,-0.292071,0.000000;
		decal_origin = -1.057638,1.000000,-1.458068,0x9C653DA0;
	  f far_plane = 1.100000;
	  x guid = 0x00000000;
	  f horizontal_meters = 4.000000;
	  f lod = 1.000000;
	  f near_plane = 0.100000;
		texture = Art\Bitmaps\Decals\b_d_grs01cbbl-path.%img%;
	  f vertical_meters = 4.000000;
	}
	[t:decal,n:*]
	{
		decal_orientation = 0.058789,-0.998270,0.000000,0.000000,0.000000,-1.000000,0.998270,0.058789,0.000000;
		decal_origin = 1.791407,1.000000,0.041008,0xD658486E;
	  f far_plane = 1.100000;
	  x guid = 0x00000000;
	  f horizontal_meters = 4.000000;
	  f lod = 1.000000;
	  f near_plane = 0.100000;
		texture = Art\Bitmaps\Decals\b_d_grs01cbbl-path.%img%;
	  f vertical_meters = 4.000000;
	}
	[t:decal,n:*]
	{
		decal_orientation = 0.124112,0.992268,0.000000,0.000000,0.000000,-1.000000,-0.992268,0.124112,0.000000;
		decal_origin = 0.560517,1.000000,-0.598238,0xD658486E;
	  f far_plane = 1.100000;
	  x guid = 0x00000000;
	  f horizontal_meters = 4.000000;
	  f lod = 1.000000;
	  f near_plane = 0.100000;
		texture = Art\Bitmaps\Decals\b_d_grs01cbbl-path.%img%;
	  f vertical_meters = 4.000000;
	}
	[t:decal,n:*]
	{
		decal_orientation = -0.478506,-0.878084,0.000000,0.000000,0.000000,-1.000000,0.878084,-0.478506,0.000000;
		decal_origin = 1.809799,1.000000,-0.110785,0xF3D4BEAF;
	  f far_plane = 1.100000;
	  x guid = 0x00000000;
	  f horizontal_meters = 4.000000;
	  f lod = 1.000000;
	  f near_plane = 0.100000;
		texture = Art\Bitmaps\Decals\b_d_grs01cbbl-path.%img%;
	  f vertical_meters = 4.000000;
	}
	[t:decal,n:*]
	{
		decal_orientation = 0.996267,-0.086323,0.000000,0.000000,0.000000,-1.000000,0.086323,0.996267,0.000000;
		decal_origin = 0.214155,1.000000,0.687199,0xCE1FB2B0;
	  f far_plane = 1.100000;
	  x guid = 0x00000000;
	  f horizontal_meters = 4.000000;
	  f lod = 1.000000;
	  f near_plane = 0.100000;
		texture = Art\Bitmaps\Decals\b_d_grs01cbbl-path.%img%;
	  f vertical_meters = 4.000000;
	}
	[t:decal,n:*]
	{
		decal_orientation = 0.681397,0.731914,0.000000,0.000000,0.000000,-1.000000,-0.731914,0.681397,0.000000;
		decal_origin = -0.983765,1.000000,0.045071,0xD9DEB501;
	  f far_plane = 1.100000;
	  x guid = 0x00000000;
	  f horizontal_meters = 4.000000;
	  f lod = 1.000000;
	  f near_plane = 0.100000;
		texture = Art\Bitmaps\Decals\b_d_grs01cbbl-path.%img%;
	  f vertical_meters = 4.000000;
	}
	[t:decal,n:*]
	{
		decal_orientation = -0.638414,0.769693,0.000000,0.000000,0.000000,-1.000000,-0.769693,-0.638414,0.000000;
		decal_origin = -1.289675,1.000000,0.272472,0xD9DEB501;
	  f far_plane = 1.100000;
	  x guid = 0x00000000;
	  f horizontal_meters = 4.000000;
	  f lod = 1.000000;
	  f near_plane = 0.100000;
		texture = Art\Bitmaps\Decals\b_d_grs01cbbl-path.%img%;
	  f vertical_meters = 4.000000;
	}
	[t:decal,n:*]
	{
		decal_orientation = 0.544861,-0.838526,0.000000,0.000000,0.000000,-1.000000,0.838526,0.544861,0.000000;
		decal_origin = 1.008096,1.000000,-1.393709,0x3AEEB4F8;
	  f far_plane = 1.100000;
	  x guid = 0x00000000;
	  f horizontal_meters = 4.000000;
	  f lod = 1.000000;
	  f near_plane = 0.100000;
		texture = Art\Bitmaps\Decals\b_d_grs01cbbl-path.%img%;
	  f vertical_meters = 4.000000;
	}
	[t:decal,n:*]
	{
		decal_orientation = -0.446447,0.894810,0.000000,0.000000,0.000000,-1.000000,-0.894810,-0.446447,0.000000;
		decal_origin = -1.888749,1.000000,-1.823918,0x3AEEB4F8;
	  f far_plane = 1.100000;
	  x guid = 0x00000000;
	  f horizontal_meters = 4.000000;
	  f lod = 1.000000;
	  f near_plane = 0.100000;
		texture = Art\Bitmaps\Decals\b_d_grs01cbbl-path.%img%;
	  f vertical_meters = 4.000000;
	}
	[t:decal,n:*]
	{
		decal_orientation = -0.397910,0.917425,0.000000,0.000000,0.000000,-1.000000,-0.917425,-0.397910,0.000000;
		decal_origin = 1.673240,1.000000,-0.783061,0x880F50BA;
	  f far_plane = 1.100000;
	  x guid = 0x00000000;
	  f horizontal_meters = 4.000000;
	  f lod = 1.000000;
	  f near_plane = 0.100000;
		texture = Art\Bitmaps\Decals\b_d_grs01-path.%img%;
	  f vertical_meters = 4.000000;
	}
	[t:decal,n:*]
	{
		decal_orientation = -0.211068,0.977471,0.000000,0.000000,0.000000,-1.000000,-0.977471,-0.211068,0.000000;
		decal_origin = -0.172640,1.000000,1.808504,0x1ABD29C5;
	  f far_plane = 1.100000;
	  x guid = 0x00000000;
	  f horizontal_meters = 4.000000;
	  f lod = 1.000000;
	  f near_plane = 0.100000;
		texture = Art\Bitmaps\Decals\b_d_grs01cbbl-path.%img%;
	  f vertical_meters = 4.000000;
	}
	[t:decal,n:*]
	{
		decal_orientation = -0.190350,0.981716,0.000000,0.000000,0.000000,-1.000000,-0.981716,-0.190350,0.000000;
		decal_origin = 0.315356,1.000000,-0.676046,0x721EA870;
	  f far_plane = 1.100000;
	  x guid = 0x00000000;
	  f horizontal_meters = 4.000000;
	  f lod = 1.000000;
	  f near_plane = 0.100000;
		texture = Art\Bitmaps\Decals\b_d_grs01cbbl-path.%img%;
	  f vertical_meters = 4.000000;
	}
	[t:decal,n:*]
	{
		decal_orientation = -0.628143,0.778098,0.000000,0.000000,0.000000,-1.000000,-0.778098,-0.628143,0.000000;
		decal_origin = -0.081497,1.000000,0.350788,0xDB22897B;
	  f far_plane = 1.100000;
	  x guid = 0x00000000;
	  f horizontal_meters = 4.000000;
	  f lod = 1.000000;
	  f near_plane = 0.100000;
		texture = Art\Bitmaps\Decals\b_d_grs01cbbl-path.%img%;
	  f vertical_meters = 4.000000;
	}
	[t:decal,n:*]
	{
		decal_orientation = -0.426286,0.904589,0.000000,0.000000,0.000000,-1.000000,-0.904589,-0.426286,0.000000;
		decal_origin = -1.631278,1.000000,1.952745,0x266457D0;
	  f far_plane = 1.100000;
	  x guid = 0x00000000;
	  f horizontal_meters = 4.000000;
	  f lod = 1.000000;
	  f near_plane = 0.100000;
		texture = Art\Bitmaps\Decals\b_d_grs01cbbl-path.%img%;
	  f vertical_meters = 4.000000;
	}
	[t:decal,n:*]
	{
		decal_orientation = -0.845144,-0.534538,0.000000,0.000000,0.000000,-1.000000,0.534538,-0.845144,0.000000;
		decal_origin = -1.773115,1.000000,0.031956,0x84637F14;
	  f far_plane = 1.100000;
	  x guid = 0x00000000;
	  f horizontal_meters = 4.000000;
	  f lod = 1.000000;
	  f near_plane = 0.100000;
		texture = Art\Bitmaps\Decals\b_d_grs01-path.%img%;
	  f vertical_meters = 4.000000;
	}
	[t:decal,n:*]
	{
		decal_orientation = 0.098301,0.995157,0.000000,0.000000,0.000000,-1.000000,-0.995157,0.098301,0.000000;
		decal_origin = -0.980407,1.000000,0.453777,0x38A8B6DA;
	  f far_plane = 1.100000;
	  x guid = 0x00000000;
	  f horizontal_meters = 4.000000;
	  f lod = 1.000000;
	  f near_plane = 0.100000;
		texture = Art\Bitmaps\Decals\b_d_grs01-path.%img%;
	  f vertical_meters = 4.000000;
	}
	[t:decal,n:*]
	{
		decal_orientation = 0.174946,0.984578,0.000000,0.000000,0.000000,-1.000000,-0.984578,0.174946,0.000000;
		decal_origin = -0.597195,1.000000,-1.723410,0xB5C02449;
	  f far_plane = 1.100000;
	  x guid = 0x00000000;
	  f horizontal_meters = 4.000000;
	  f lod = 1.000000;
	  f near_plane = 0.100000;
		texture = Art\Bitmaps\Decals\b_d_grs01-path.%img%;
	  f vertical_meters = 4.000000;
	}
	[t:decal,n:*]
	{
		decal_orientation = -0.731893,0.681420,0.000000,0.000000,0.000000,-1.000000,-0.681420,-0.731893,0.000000;
		decal_origin = -0.876799,1.000000,1.834174,0x86F7C894;
	  f far_plane = 1.100000;
	  x guid = 0x00000000;
	  f horizontal_meters = 4.000000;
	  f lod = 1.000000;
	  f near_plane = 0.100000;
		texture = Art\Bitmaps\Decals\b_d_grs01-path.%img%;
	  f vertical_meters = 4.000000;
	}
	[t:decal,n:*]
	{
		decal_orientation = 0.418279,0.908319,0.000000,0.000000,0.000000,-1.000000,-0.908319,0.418279,0.000000;
		decal_origin = 0.709553,1.000000,-1.941389,0x86F7C894;
	  f far_plane = 1.100000;
	  x guid = 0x00000000;
	  f horizontal_meters = 4.000000;
	  f lod = 1.000000;
	  f near_plane = 0.100000;
		texture = Art\Bitmaps\Decals\b_d_grs01-path.%img%;
	  f vertical_meters = 4.000000;
	}
	[t:decal,n:*]
	{
		decal_orientation = 0.702019,0.712158,0.000000,0.000000,0.000000,-1.000000,-0.712158,0.702019,0.000000;
		decal_origin = -1.172374,1.000000,-0.817538,0x32431E15;
	  f far_plane = 1.100000;
	  x guid = 0x00000000;
	  f horizontal_meters = 4.000000;
	  f lod = 1.000000;
	  f near_plane = 0.100000;
		texture = Art\Bitmaps\Decals\b_d_grs01-path.%img%;
	  f vertical_meters = 4.000000;
	}
	[t:decal,n:*]
	{
		decal_orientation = 0.113318,-0.993559,0.000000,0.000000,0.000000,-1.000000,0.993559,0.113318,0.000000;
		decal_origin = 1.167334,1.000000,-0.256168,0xF70DDF1F;
	  f far_plane = 1.100000;
	  x guid = 0x00000000;
	  f horizontal_meters = 4.000000;
	  f lod = 1.000000;
	  f near_plane = 0.100000;
		texture = Art\Bitmaps\Decals\b_d_grs01-path.%img%;
	  f vertical_meters = 4.000000;
	}
	[t:decal,n:*]
	{
		decal_orientation = -0.757434,-0.652912,0.000000,0.000000,0.000000,-1.000000,0.652912,-0.757434,0.000000;
		decal_origin = 0.531088,1.000000,0.783833,0xEC2E0E67;
	  f far_plane = 1.100000;
	  x guid = 0x00000000;
	  f horizontal_meters = 4.000000;
	  f lod = 1.000000;
	  f near_plane = 0.100000;
		texture = Art\Bitmaps\Decals\b_d_grs01-path.%img%;
	  f vertical_meters = 4.000000;
	}
	[t:decal,n:*]
	{
		decal_orientation = 0.820336,0.571882,0.000000,0.000000,0.000000,-1.000000,-0.571882,0.820336,0.000000;
		decal_origin = -1.634638,1.000000,-1.184834,0xC0FB335D;
	  f far_plane = 1.100000;
	  x guid = 0x00000000;
	  f horizontal_meters = 4.000000;
	  f lod = 1.000000;
	  f near_plane = 0.100000;
		texture = Art\Bitmaps\Decals\b_d_grs01-path.%img%;
	  f vertical_meters = 4.000000;
	}
	[t:decal,n:*]
	{
		decal_orientation = -0.710166,0.704034,0.000000,0.000000,0.000000,-1.000000,-0.704034,-0.710166,0.000000;
		decal_origin = 0.046468,1.000000,1.645902,0x46FA7F07;
	  f far_plane = 1.100000;
	  x guid = 0x00000000;
	  f horizontal_meters = 4.000000;
	  f lod = 1.000000;
	  f near_plane = 0.100000;
		texture = Art\Bitmaps\Decals\b_d_grs01-path.%img%;
	  f vertical_meters = 4.000000;
	}
	[t:decal,n:*]
	{
		decal_orientation = -0.894591,-0.446885,0.000000,0.000000,0.000000,-1.000000,0.446885,-0.894591,0.000000;
		decal_origin = -1.882301,1.000000,-1.768499,0x7F3303A1;
	  f far_plane = 1.100000;
	  x guid = 0x00000000;
	  f horizontal_meters = 4.000000;
	  f lod = 1.000000;
	  f near_plane = 0.100000;
		texture = Art\Bitmaps\Decals\b_d_grs01-path.%img%;
	  f vertical_meters = 4.000000;
	}
	[t:decal,n:*]
	{
		decal_orientation = 0.905249,-0.424882,0.000000,0.000000,0.000000,-1.000000,0.424882,0.905249,0.000000;
		decal_origin = -1.441265,1.000000,-1.718981,0x8E57503C;
	  f far_plane = 1.100000;
	  x guid = 0x00000000;
	  f horizontal_meters = 4.000000;
	  f lod = 1.000000;
	  f near_plane = 0.100000;
		texture = Art\Bitmaps\Decals\b_d_grs01-path.%img%;
	  f vertical_meters = 4.000000;
	}
	[t:decal,n:*]
	{
		decal_orientation = 0.292098,0.956389,0.000000,0.000000,0.000000,-1.000000,-0.956389,0.292098,0.000000;
		decal_origin = 1.147731,1.000000,1.251141,0x8E57503C;
	  f far_plane = 1.100000;
	  x guid = 0x00000000;
	  f horizontal_meters = 4.000000;
	  f lod = 1.000000;
	  f near_plane = 0.100000;
		texture = Art\Bitmaps\Decals\b_d_grs01-path.%img%;
	  f vertical_meters = 4.000000;
	}
	[t:decal,n:*]
	{
		decal_orientation = -0.394612,0.918848,0.000000,0.000000,0.000000,-1.000000,-0.918848,-0.394612,0.000000;
		decal_origin = 1.944072,1.000000,0.281024,0x07532EE2;
	  f far_plane = 1.100000;
	  x guid = 0x00000000;
	  f horizontal_meters = 4.000000;
	  f lod = 1.000000;
	  f near_plane = 0.100000;
		texture = Art\Bitmaps\Decals\b_d_grs01-path.%img%;
	  f vertical_meters = 4.000000;
	}
	[t:decal,n:*]
	{
		decal_orientation = -0.536575,0.843852,0.000000,0.000000,0.000000,-1.000000,-0.843852,-0.536575,0.000000;
		decal_origin = 0.896631,1.000000,-0.582731,0x7EE7F84E;
	  f far_plane = 1.100000;
	  x guid = 0x00000000;
	  f horizontal_meters = 4.000000;
	  f lod = 1.000000;
	  f near_plane = 0.100000;
		texture = Art\Bitmaps\Decals\b_d_grs01-path.%img%;
	  f vertical_meters = 4.000000;
	}
	[t:decal,n:*]
	{
		decal_orientation = 0.827855,-0.560942,0.000000,0.000000,0.000000,-1.000000,0.560942,0.827855,0.000000;
		decal_origin = -0.778076,1.000000,-0.428454,0xE22D30E3;
	  f far_plane = 1.100000;
	  x guid = 0x00000000;
	  f horizontal_meters = 4.000000;
	  f lod = 1.000000;
	  f near_plane = 0.100000;
		texture = Art\Bitmaps\Decals\b_d_grs01-path.%img%;
	  f vertical_meters = 4.000000;
	}
	[t:decal,n:*]
	{
		decal_orientation = -0.611302,0.791398,0.000000,0.000000,0.000000,-1.000000,-0.791398,-0.611302,0.000000;
		decal_origin = 0.907150,1.000000,-0.668470,0xE22D30E3;
	  f far_plane = 1.100000;
	  x guid = 0x00000000;
	  f horizontal_meters = 4.000000;
	  f lod = 1.000000;
	  f near_plane = 0.100000;
		texture = Art\Bitmaps\Decals\b_d_grs01-path.%img%;
	  f vertical_meters = 4.000000;
	}
	[t:decal,n:*]
	{
		decal_orientation = -0.242536,0.961108,0.132092,0.000000,0.136157,-0.990687,-0.970142,-0.240277,-0.033023;
		decal_origin = -1.350581,0.842734,-1.402223,0xA038E279;
	  f far_plane = 1.100000;
	  x guid = 0x76385FEE;
	  f horizontal_meters = 4.000000;
	  f lod = 1.000000;
	  f near_plane = 0.100000;
		texture = Art\Bitmaps\Decals\b_d_for01-a.%img%;
	  f vertical_meters = 4.000000;
	}
	[t:decal,n:*]
	{
		decal_orientation = -1.000000,0.000000,0.000000,0.000000,0.287348,-0.957826,0.000000,-0.957826,-0.287348;
		decal_origin = -0.870214,0.799284,-0.184178,0xA038E279;
	  f far_plane = 1.100000;
	  x guid = 0xC43592F1;
	  f horizontal_meters = 4.000000;
	  f lod = 1.000000;
	  f near_plane = 0.100000;
		texture = Art\Bitmaps\Decals\b_d_for01-a.%img%;
	  f vertical_meters = 4.000000;
	}
	[t:decal,n:*]
	{
		decal_orientation = 0.894427,-0.442326,-0.065938,0.000000,0.147442,-0.989071,0.447214,0.884652,0.131876;
		decal_origin = -0.652896,0.810581,-2.579958,0xA038E279;
	  f far_plane = 1.100000;
	  x guid = 0x8329BCD1;
	  f horizontal_meters = 4.000000;
	  f lod = 1.000000;
	  f near_plane = 0.100000;
		texture = Art\Bitmaps\Decals\b_d_for01-a.%img%;
	  f vertical_meters = 4.000000;
	}
	[t:decal,n:*]
	{
		decal_orientation = -0.707107,-0.615457,-0.348155,0.000000,0.492366,-0.870388,0.707107,-0.615458,-0.348155;
		decal_origin = 3.155443,0.639439,1.368249,0x6924C9DA;
	  f far_plane = 1.100000;
	  x guid = 0x3DCCAD83;
	  f horizontal_meters = 4.000000;
	  f lod = 1.000000;
	  f near_plane = 0.100000;
		texture = Art\Bitmaps\Decals\b_d_for01-a.%img%;
	  f vertical_meters = 4.000000;
	}
	[t:decal,n:*]
	{
		decal_orientation = 0.000000,-0.980581,-0.196116,0.000000,0.196116,-0.980581,1.000000,0.000000,0.000000;
		decal_origin = 2.594275,1.000947,0.539245,0x6924C9DA;
	  f far_plane = 1.100000;
	  x guid = 0xACFD1ADD;
	  f horizontal_meters = 4.000000;
	  f lod = 1.000000;
	  f near_plane = 0.100000;
		texture = Art\Bitmaps\Decals\b_d_for01-a.%img%;
	  f vertical_meters = 4.000000;
	}
	[t:decal,n:*]
	{
		decal_orientation = 0.000000,0.928477,0.371391,0.000000,0.371391,-0.928477,-1.000000,0.000000,0.000000;
		decal_origin = 1.619890,1.024989,0.820116,0x6924C9DA;
	  f far_plane = 1.100000;
	  x guid = 0x6FA60BA3;
	  f horizontal_meters = 4.000000;
	  f lod = 1.000000;
	  f near_plane = 0.100000;
		texture = Art\Bitmaps\Decals\b_d_for01-a.%img%;
	  f vertical_meters = 4.000000;
	}
	[t:decal,n:*]
	{
		decal_orientation = -0.707107,-0.615457,-0.348155,0.000000,0.492366,-0.870388,0.707107,-0.615458,-0.348155;
		decal_origin = 2.380536,0.864922,1.579446,0x6924C9DA;
	  f far_plane = 1.100000;
	  x guid = 0xB16AF645;
	  f horizontal_meters = 4.000000;
	  f lod = 1.000000;
	  f near_plane = 0.100000;
		texture = Art\Bitmaps\Decals\b_d_for01-a.%img%;
	  f vertical_meters = 4.000000;
	}
	[t:decal,n:*]
	{
		decal_orientation = 0.000000,-1.000000,0.000000,0.000000,0.000000,-1.000000,1.000000,0.000000,0.000000;
		decal_origin = 1.481955,0.700001,1.551147,0x6924C9DA;
	  f far_plane = 1.100000;
	  x guid = 0x58AB87E8;
	  f horizontal_meters = 4.000000;
	  f lod = 1.000000;
	  f near_plane = 0.100000;
		texture = Art\Bitmaps\Decals\b_d_for01-a.%img%;
	  f vertical_meters = 4.000000;
	}
	[t:decal,n:*]
	{
		decal_orientation = -0.242536,0.961108,0.132092,0.000000,0.136157,-0.990687,-0.970142,-0.240277,-0.033023;
		decal_origin = -0.997922,0.896689,-1.610398,0xE99B9021;
	  f far_plane = 1.100000;
	  x guid = 0x5459F65B;
	  f horizontal_meters = 4.000000;
	  f lod = 1.000000;
	  f near_plane = 0.100000;
		texture = Art\Bitmaps\Decals\b_d_for01-a.%img%;
	  f vertical_meters = 4.000000;
	}
	[t:decal,n:*]
	{
		decal_orientation = -0.242536,0.961108,0.132092,0.000000,0.136157,-0.990687,-0.970142,-0.240277,-0.033023;
		decal_origin = -0.979225,0.905642,-1.804203,0xE99B9021;
	  f far_plane = 1.100000;
	  x guid = 0x9409F851;
	  f horizontal_meters = 4.000000;
	  f lod = 1.000000;
	  f near_plane = 0.100000;
		texture = Art\Bitmaps\Decals\b_d_for01-a.%img%;
	  f vertical_meters = 4.000000;
	}
	[t:decal,n:*]
	{
		decal_orientation = 0.894427,-0.442326,-0.065938,0.000000,0.147442,-0.989071,0.447214,0.884652,0.131876;
		decal_origin = -0.734333,0.823768,-2.521787,0xE99B9021;
	  f far_plane = 1.100000;
	  x guid = 0x9381AF16;
	  f horizontal_meters = 4.000000;
	  f lod = 1.000000;
	  f near_plane = 0.100000;
		texture = Art\Bitmaps\Decals\b_d_for01-a.%img%;
	  f vertical_meters = 4.000000;
	}
	[t:decal,n:*]
	{
		decal_orientation = -1.000000,0.000000,0.000000,0.000000,0.287348,-0.957826,0.000000,-0.957826,-0.287348;
		decal_origin = -0.485049,0.770719,-0.088955,0xE99B9021;
	  f far_plane = 1.100000;
	  x guid = 0xECC65208;
	  f horizontal_meters = 4.000000;
	  f lod = 1.000000;
	  f near_plane = 0.100000;
		texture = Art\Bitmaps\Decals\b_d_for01-a.%img%;
	  f vertical_meters = 4.000000;
	}
	[t:decal,n:*]
	{
		decal_orientation = 0.000000,-1.000000,0.000000,0.000000,0.000000,-1.000000,1.000000,0.000000,0.000000;
		decal_origin = -1.152962,0.700003,0.858180,0x49952033;
	  f far_plane = 1.100000;
	  x guid = 0x1DEBE96D;
	  f horizontal_meters = 4.000000;
	  f lod = 1.000000;
	  f near_plane = 0.100000;
		texture = Art\Bitmaps\Decals\b_d_for01-a.%img%;
	  f vertical_meters = 4.000000;
	}
	[t:decal,n:*]
	{
		decal_orientation = 0.000000,-1.000000,0.000000,0.000000,0.000000,-1.000000,1.000000,0.000000,0.000000;
		decal_origin = -2.175189,0.699999,0.007776,0xCBCD70BD;
	  f far_plane = 1.100000;
	  x guid = 0xFDE62B8E;
	  f horizontal_meters = 4.000000;
	  f lod = 1.000000;
	  f near_plane = 0.100000;
		texture = Art\Bitmaps\Decals\b_d_for01-a.%img%;
	  f vertical_meters = 4.000000;
	}
	[t:decal,n:*]
	{
		decal_orientation = 0.000000,-1.000000,0.000000,0.000000,0.000000,-1.000000,1.000000,0.000000,0.000000;
		decal_origin = -0.822251,0.700001,0.532127,0xA2A46261;
	  f far_plane = 1.100000;
	  x guid = 0x6C814402;
	  f horizontal_meters = 4.000000;
	  f lod = 1.000000;
	  f near_plane = 0.100000;
		texture = Art\Bitmaps\Decals\b_d_for01-a.%img%;
	  f vertical_meters = 4.000000;
	}
	[t:decal,n:*]
	{
		decal_orientation = -0.803071,-0.595883,0.000000,0.000000,0.000000,-1.000000,0.595883,-0.803071,0.000000;
		decal_origin = -0.674333,1.000000,-0.726599,0x4262FEFE;
	  f far_plane = 1.100000;
	  x guid = 0x00000000;
	  f horizontal_meters = 4.000000;
	  f lod = 1.000000;
	  f near_plane = 0.100000;
		texture = Art\Bitmaps\Decals\b_d_grs01-path.%img%;
	  f vertical_meters = 4.000000;
	}
	[t:decal,n:*]
	{
		decal_orientation = -1.000000,0.000000,0.000000,0.000000,0.000000,-1.000000,0.000000,-1.000000,0.000000;
		decal_origin = 2.358921,0.999997,-2.645752,0x88FAD160;
	  f far_plane = 1.100000;
	  x guid = 0x0C90BD5D;
	  f horizontal_meters = 5.000000;
	  f lod = 1.000000;
	  f near_plane = 0.100000;
		texture = Art\Bitmaps\Decals\b_d_dirt-a.%img%;
	  f vertical_meters = 5.000000;
	}
	[t:decal,n:*]
	{
		decal_orientation = 0.000000,-1.000000,0.000000,0.000000,0.000000,-1.000000,1.000000,0.000000,0.000000;
		decal_origin = 0.767704,0.699997,3.025099,0xB95D9A4F;
	  f far_plane = 1.100000;
	  x guid = 0xE5EC9E22;
	  f horizontal_meters = 4.000000;
	  f lod = 1.000000;
	  f near_plane = 0.100000;
		texture = Art\Bitmaps\Decals\b_d_for01-a.%img%;
	  f vertical_meters = 4.000000;
	}
	[t:decal,n:*]
	{
		decal_orientation = -1.000000,0.000000,0.000000,0.000000,0.287348,-0.957826,0.000000,-0.957826,-0.287348;
		decal_origin = 0.359020,0.910234,-0.553993,0x3206B40F;
	  f far_plane = 1.100000;
	  x guid = 0x8C4FBEBF;
	  f horizontal_meters = 4.000000;
	  f lod = 1.000000;
	  f near_plane = 0.100000;
		texture = Art\Bitmaps\Decals\b_d_for01-a.%img%;
	  f vertical_meters = 4.000000;
	}
	[t:decal,n:*]
	{
		decal_orientation = -0.554700,0.782727,0.282216,0.000000,0.339182,-0.940721,-0.832050,-0.521818,-0.188144;
		decal_origin = -0.588635,0.923013,-1.182933,0x3206B40F;
	  f far_plane = 1.100000;
	  x guid = 0xCBE58C36;
	  f horizontal_meters = 4.000000;
	  f lod = 1.000000;
	  f near_plane = 0.100000;
		texture = Art\Bitmaps\Decals\b_d_for01-a.%img%;
	  f vertical_meters = 4.000000;
	}
	[t:decal,n:*]
	{
		decal_orientation = 0.857493,0.444457,0.259161,0.000000,0.503717,-0.863868,-0.514496,0.740761,0.431934;
		decal_origin = -0.304971,0.854030,-2.824132,0x3206B40F;
	  f far_plane = 1.100000;
	  x guid = 0x7FFD50C6;
	  f horizontal_meters = 4.000000;
	  f lod = 1.000000;
	  f near_plane = 0.100000;
		texture = Art\Bitmaps\Decals\b_d_for01-a.%img%;
	  f vertical_meters = 4.000000;
	}
	[t:decal,n:*]
	{
		decal_orientation = 1.000000,0.000000,0.000000,0.000000,0.514496,-0.857493,0.000000,0.857493,0.514496;
		decal_origin = 0.866007,1.015223,-2.751604,0x3206B40F;
	  f far_plane = 1.100000;
	  x guid = 0x4602919A;
	  f horizontal_meters = 4.000000;
	  f lod = 1.000000;
	  f near_plane = 0.100000;
		texture = Art\Bitmaps\Decals\b_d_for01-a.%img%;
	  f vertical_meters = 4.000000;
	}
	[t:decal,n:*]
	{
		decal_orientation = 0.447214,-0.816497,-0.365148,0.000000,0.408248,-0.912871,0.894427,0.408248,0.182574;
		decal_origin = 2.150483,0.922049,-2.066012,0x3206B40F;
	  f far_plane = 1.100000;
	  x guid = 0x9F0A07B5;
	  f horizontal_meters = 4.000000;
	  f lod = 1.000000;
	  f near_plane = 0.100000;
		texture = Art\Bitmaps\Decals\b_d_for01-a.%img%;
	  f vertical_meters = 4.000000;
	}
	[t:decal,n:*]
	{
		decal_orientation = 0.000000,0.928477,0.371391,0.000000,0.371391,-0.928477,-1.000000,0.000000,0.000000;
		decal_origin = -2.924965,0.807047,1.544258,0x5276BC0C;
	  f far_plane = 1.100000;
	  x guid = 0xBEA6D5B8;
	  f horizontal_meters = 4.000000;
	  f lod = 1.000000;
	  f near_plane = 0.100000;
		texture = Art\Bitmaps\Decals\b_d_for01-a.%img%;
	  f vertical_meters = 4.000000;
	}
	[t:decal,n:*]
	{
		decal_orientation = 1.000000,0.000000,0.000000,0.000000,0.371391,-0.928477,0.000000,0.928477,0.371391;
		decal_origin = -2.329526,0.737723,0.901733,0x5276BC0C;
	  f far_plane = 1.100000;
	  x guid = 0x1045F63B;
	  f horizontal_meters = 4.000000;
	  f lod = 1.000000;
	  f near_plane = 0.100000;
		texture = Art\Bitmaps\Decals\b_d_for01-a.%img%;
	  f vertical_meters = 4.000000;
	}
	[t:decal,n:*]
	{
		decal_orientation = -1.000000,0.000000,0.000000,0.000000,0.371391,-0.928477,0.000000,-0.928477,-0.371391;
		decal_origin = -1.856850,0.888380,2.721633,0x5276BC0C;
	  f far_plane = 1.100000;
	  x guid = 0x2C0DC9DA;
	  f horizontal_meters = 4.000000;
	  f lod = 1.000000;
	  f near_plane = 0.100000;
		texture = Art\Bitmaps\Decals\b_d_for01-a.%img%;
	  f vertical_meters = 4.000000;
	}
	[t:decal,n:*]
	{
		decal_orientation = 0.894427,-0.442326,-0.065938,0.000000,0.147442,-0.989071,0.447214,0.884652,0.131876;
		decal_origin = -0.880063,0.858570,-2.333623,0x53541F35;
	  f far_plane = 1.100000;
	  x guid = 0x0C175DEB;
	  f horizontal_meters = 4.000000;
	  f lod = 1.000000;
	  f near_plane = 0.100000;
		texture = Art\Bitmaps\Decals\b_d_for01-a.%img%;
	  f vertical_meters = 4.000000;
	}
	[t:decal,n:*]
	{
		decal_orientation = -0.242536,0.961108,0.132092,0.000000,0.136157,-0.990687,-0.970142,-0.240277,-0.033023;
		decal_origin = -1.332598,0.833773,-1.061464,0x53541F35;
	  f far_plane = 1.100000;
	  x guid = 0x3C773030;
	  f horizontal_meters = 4.000000;
	  f lod = 1.000000;
	  f near_plane = 0.100000;
		texture = Art\Bitmaps\Decals\b_d_for01-a.%img%;
	  f vertical_meters = 4.000000;
	}
	[t:decal,n:*]
	{
		decal_orientation = -1.000000,0.000000,0.000000,0.000000,0.287348,-0.957826,0.000000,-0.957826,-0.287348;
		decal_origin = -0.510364,0.764867,-0.069456,0x53541F35;
	  f far_plane = 1.100000;
	  x guid = 0x45D2FF8A;
	  f horizontal_meters = 4.000000;
	  f lod = 1.000000;
	  f near_plane = 0.100000;
		texture = Art\Bitmaps\Decals\b_d_for01-a.%img%;
	  f vertical_meters = 4.000000;
	}
	[t:decal,n:*]
	{
		decal_orientation = 0.571665,0.820487,0.000000,0.000000,0.000000,-1.000000,-0.820487,0.571665,0.000000;
		decal_origin = 1.596774,1.000000,-1.611353,0x2250250F;
	  f far_plane = 1.100000;
	  x guid = 0x00000000;
	  f horizontal_meters = 4.000000;
	  f lod = 1.000000;
	  f near_plane = 0.100000;
		texture = Art\Bitmaps\Decals\b_d_grs01-path.%img%;
	  f vertical_meters = 4.000000;
	}
	[t:decal,n:*]
	{
		decal_orientation = 0.268606,0.963250,0.000000,0.000000,0.000000,-1.000000,-0.963250,0.268606,0.000000;
		decal_origin = 1.961474,1.000000,1.617226,0x24D9E316;
	  f far_plane = 1.100000;
	  x guid = 0x00000000;
	  f horizontal_meters = 4.000000;
	  f lod = 1.000000;
	  f near_plane = 0.100000;
		texture = Art\Bitmaps\Decals\b_d_grs01-path.%img%;
	  f vertical_meters = 4.000000;
	}
	[t:decal,n:*]
	{
		decal_orientation = 0.650969,0.759104,0.000000,0.000000,0.000000,-1.000000,-0.759104,0.650969,0.000000;
		decal_origin = -0.436759,1.000000,0.186485,0x9411E138;
	  f far_plane = 1.100000;
	  x guid = 0x00000000;
	  f horizontal_meters = 4.000000;
	  f lod = 1.000000;
	  f near_plane = 0.100000;
		texture = Art\Bitmaps\Decals\b_d_grs01-path.%img%;
	  f vertical_meters = 4.000000;
	}
	[t:decal,n:*]
	{
		decal_orientation = -0.181447,-0.983401,0.000000,0.000000,0.000000,-1.000000,0.983401,-0.181447,0.000000;
		decal_origin = 1.861268,1.000000,-0.629121,0xE239C06E;
	  f far_plane = 1.100000;
	  x guid = 0x00000000;
	  f horizontal_meters = 4.000000;
	  f lod = 1.000000;
	  f near_plane = 0.100000;
		texture = Art\Bitmaps\Decals\b_d_grs01-path.%img%;
	  f vertical_meters = 4.000000;
	}
	[t:decal,n:*]
	{
		decal_orientation = -0.867536,0.497374,0.000000,0.000000,0.000000,-1.000000,-0.497374,-0.867536,0.000000;
		decal_origin = 0.720539,1.000000,1.667333,0xC26517F0;
	  f far_plane = 1.100000;
	  x guid = 0x00000000;
	  f horizontal_meters = 4.000000;
	  f lod = 1.000000;
	  f near_plane = 0.100000;
		texture = Art\Bitmaps\Decals\b_d_grs01-path.%img%;
	  f vertical_meters = 4.000000;
	}
	[t:decal,n:*]
	{
		decal_orientation = 0.000000,-1.000000,0.000000,0.000000,0.000000,-1.000000,1.000000,0.000000,0.000000;
		decal_origin = -0.483736,0.700001,-3.509022,0xCBDBD6A2;
	  f far_plane = 1.100000;
	  x guid = 0xE141E375;
	  f horizontal_meters = 4.000000;
	  f lod = 1.000000;
	  f near_plane = 0.100000;
		texture = Art\Bitmaps\Decals\b_d_for01-a.%img%;
	  f vertical_meters = 4.000000;
	}
	[t:decal,n:*]
	{
		decal_orientation = 0.980581,0.174714,0.089087,0.000000,0.454257,-0.890871,-0.196116,0.873571,0.445435;
		decal_origin = -1.144922,0.960611,1.305210,0x4E121C1E;
	  f far_plane = 1.100000;
	  x guid = 0x61742416;
	  f horizontal_meters = 4.000000;
	  f lod = 1.000000;
	  f near_plane = 0.100000;
		texture = Art\Bitmaps\Decals\b_d_for01-a.%img%;
	  f vertical_meters = 4.000000;
	}
	[t:decal,n:*]
	{
		decal_orientation = -0.707107,-0.577350,-0.408248,0.000000,0.577350,-0.816497,0.707107,-0.577350,-0.408248;
		decal_origin = -0.386722,0.853877,2.528456,0x4E121C1E;
	  f far_plane = 1.100000;
	  x guid = 0x912AB584;
	  f horizontal_meters = 4.000000;
	  f lod = 1.000000;
	  f near_plane = 0.100000;
		texture = Art\Bitmaps\Decals\b_d_for01-a.%img%;
	  f vertical_meters = 4.000000;
	}
	[t:decal,n:*]
	{
		decal_orientation = 0.707107,-0.577350,-0.408248,0.000000,0.577350,-0.816497,0.707107,0.577350,0.408248;
		decal_origin = -0.081619,0.583182,1.235260,0x4E121C1E;
	  f far_plane = 1.100000;
	  x guid = 0x6C48E80C;
	  f horizontal_meters = 4.000000;
	  f lod = 1.000000;
	  f near_plane = 0.100000;
		texture = Art\Bitmaps\Decals\b_d_for01-a.%img%;
	  f vertical_meters = 4.000000;
	}
	[t:decal,n:*]
	{
		decal_orientation = -0.980581,0.174714,0.089087,0.000000,0.454257,-0.890871,-0.196116,-0.873571,-0.445435;
		decal_origin = -1.532903,0.804251,2.929917,0x4E121C1E;
	  f far_plane = 1.100000;
	  x guid = 0xF3656BE4;
	  f horizontal_meters = 4.000000;
	  f lod = 1.000000;
	  f near_plane = 0.100000;
		texture = Art\Bitmaps\Decals\b_d_for01-a.%img%;
	  f vertical_meters = 4.000000;
	}
	[t:decal,n:*]
	{
		decal_orientation = 0.000000,-1.000000,0.000000,0.000000,0.000000,-1.000000,1.000000,0.000000,0.000000;
		decal_origin = 0.041102,0.700001,0.866261,0x7421B920;
	  f far_plane = 1.100000;
	  x guid = 0x9623333C;
	  f horizontal_meters = 4.000000;
	  f lod = 1.000000;
	  f near_plane = 0.100000;
		texture = Art\Bitmaps\Decals\b_d_for01-a.%img%;
	  f vertical_meters = 4.000000;
	}
	[t:decal,n:*]
	{
		decal_orientation = 1.000000,0.000000,0.000000,0.000000,0.371391,-0.928477,0.000000,0.928477,0.371391;
		decal_origin = -2.784850,0.669478,0.731114,0xC49DEDA2;
	  f far_plane = 1.100000;
	  x guid = 0x218F0FF8;
	  f horizontal_meters = 4.000000;
	  f lod = 1.000000;
	  f near_plane = 0.100000;
		texture = Art\Bitmaps\Decals\b_d_for01-a.%img%;
	  f vertical_meters = 4.000000;
	}
	[t:decal,n:*]
	{
		decal_orientation = 0.000000,-1.000000,0.000000,0.000000,0.000000,-1.000000,1.000000,0.000000,0.000000;
		decal_origin = -3.040053,0.700001,1.573761,0xC49DEDA2;
	  f far_plane = 1.100000;
	  x guid = 0x4F736A34;
	  f horizontal_meters = 4.000000;
	  f lod = 1.000000;
	  f near_plane = 0.100000;
		texture = Art\Bitmaps\Decals\b_d_for01-a.%img%;
	  f vertical_meters = 4.000000;
	}
	[t:decal,n:*]
	{
		decal_orientation = 0.000000,-1.000000,0.000000,0.000000,0.000000,-1.000000,1.000000,0.000000,0.000000;
		decal_origin = -0.992449,0.700001,3.333094,0xF7BA8F3B;
	  f far_plane = 1.100000;
	  x guid = 0x4F39860D;
	  f horizontal_meters = 4.000000;
	  f lod = 1.000000;
	  f near_plane = 0.100000;
		texture = Art\Bitmaps\Decals\b_d_for01-a.%img%;
	  f vertical_meters = 4.000000;
	}
	[t:decal,n:*]
	{
		decal_orientation = -0.980581,0.174714,0.089087,0.000000,0.454257,-0.890871,-0.196116,-0.873571,-0.445435;
		decal_origin = -1.409366,0.867098,2.828917,0xF7BA8F3B;
	  f far_plane = 1.100000;
	  x guid = 0xB2569642;
	  f horizontal_meters = 4.000000;
	  f lod = 1.000000;
	  f near_plane = 0.100000;
		texture = Art\Bitmaps\Decals\b_d_for01-a.%img%;
	  f vertical_meters = 4.000000;
	}
	[t:decal,n:*]
	{
		decal_orientation = 0.707107,-0.577350,-0.408248,0.000000,0.577350,-0.816497,0.707107,0.577350,0.408248;
		decal_origin = -0.226684,0.727362,1.378553,0xF7BA8F3B;
	  f far_plane = 1.100000;
	  x guid = 0x6D1B79B3;
	  f horizontal_meters = 4.000000;
	  f lod = 1.000000;
	  f near_plane = 0.100000;
		texture = Art\Bitmaps\Decals\b_d_for01-a.%img%;
	  f vertical_meters = 4.000000;
	}
	[t:decal,n:*]
	{
		decal_orientation = 0.980581,0.174714,0.089087,0.000000,0.454257,-0.890871,-0.196116,0.873571,0.445435;
		decal_origin = -1.456918,0.856531,1.159453,0xF7BA8F3B;
	  f far_plane = 1.100000;
	  x guid = 0xE7F4544F;
	  f horizontal_meters = 4.000000;
	  f lod = 1.000000;
	  f near_plane = 0.100000;
		texture = Art\Bitmaps\Decals\b_d_for01-a.%img%;
	  f vertical_meters = 4.000000;
	}
	[t:decal,n:*]
	{
		decal_orientation = 0.000000,0.928477,0.371391,0.000000,0.371391,-0.928477,-1.000000,0.000000,0.000000;
		decal_origin = -3.132282,0.724116,2.177220,0xF7BA8F3B;
	  f far_plane = 1.100000;
	  x guid = 0xF9A6C9AC;
	  f horizontal_meters = 4.000000;
	  f lod = 1.000000;
	  f near_plane = 0.100000;
		texture = Art\Bitmaps\Decals\b_d_for01-a.%img%;
	  f vertical_meters = 4.000000;
	}
	[t:decal,n:*]
	{
		decal_orientation = -1.000000,0.000000,0.000000,0.000000,0.371391,-0.928477,0.000000,-0.928477,-0.371391;
		decal_origin = -2.459680,0.773005,3.010065,0xF7BA8F3B;
	  f far_plane = 1.100000;
	  x guid = 0xCABD1EBE;
	  f horizontal_meters = 4.000000;
	  f lod = 1.000000;
	  f near_plane = 0.100000;
		texture = Art\Bitmaps\Decals\b_d_for01-a.%img%;
	  f vertical_meters = 4.000000;
	}
	[t:decal,n:*]
	{
		decal_orientation = 1.000000,0.000000,0.000000,0.000000,0.371391,-0.928477,0.000000,0.928477,0.371391;
		decal_origin = -1.940158,0.738016,0.902452,0xF7BA8F3B;
	  f far_plane = 1.100000;
	  x guid = 0xD82C6C97;
	  f horizontal_meters = 4.000000;
	  f lod = 1.000000;
	  f near_plane = 0.100000;
		texture = Art\Bitmaps\Decals\b_d_for01-a.%img%;
	  f vertical_meters = 4.000000;
	}
	[t:decal,n:*]
	{
		decal_orientation = 0.996707,0.081082,0.000000,0.000000,0.000000,-1.000000,-0.081082,0.996707,0.000000;
		decal_origin = -0.418264,1.000000,-0.611163,0x7FF9A270;
	  f far_plane = 1.100000;
	  x guid = 0x00000000;
	  f horizontal_meters = 4.000000;
	  f lod = 1.000000;
	  f near_plane = 0.100000;
		texture = Art\Bitmaps\Decals\b_d_grs01-path.%img%;
	  f vertical_meters = 4.000000;
	}
	[t:decal,n:*]
	{
		decal_orientation = -0.881827,-0.471573,0.000000,0.000000,0.000000,-1.000000,0.471573,-0.881827,0.000000;
		decal_origin = 0.237134,1.000000,-0.410292,0x1DDC40EF;
	  f far_plane = 1.100000;
	  x guid = 0x00000000;
	  f horizontal_meters = 4.000000;
	  f lod = 1.000000;
	  f near_plane = 0.100000;
		texture = Art\Bitmaps\Decals\b_d_grs01-path.%img%;
	  f vertical_meters = 4.000000;
	}
	[t:decal,n:*]
	{
		decal_orientation = 0.670348,-0.742047,0.000000,0.000000,0.000000,-1.000000,0.742047,0.670348,0.000000;
		decal_origin = 0.553641,1.000000,1.469180,0x1DDC40EF;
	  f far_plane = 1.100000;
	  x guid = 0x00000000;
	  f horizontal_meters = 4.000000;
	  f lod = 1.000000;
	  f near_plane = 0.100000;
		texture = Art\Bitmaps\Decals\b_d_grs01-path.%img%;
	  f vertical_meters = 4.000000;
	}
	[t:decal,n:*]
	{
		decal_orientation = 0.126925,0.991912,0.000000,0.000000,0.000000,-1.000000,-0.991912,0.126925,0.000000;
		decal_origin = -0.345371,1.000000,1.465129,0xD4B64E1A;
	  f far_plane = 1.100000;
	  x guid = 0x00000000;
	  f horizontal_meters = 4.000000;
	  f lod = 1.000000;
	  f near_plane = 0.100000;
		texture = Art\Bitmaps\Decals\b_d_grs01-path.%img%;
	  f vertical_meters = 4.000000;
	}
	[t:decal,n:*]
	{
		decal_orientation = 0.999591,0.028616,0.000000,0.000000,0.000000,-1.000000,-0.028616,0.999591,0.000000;
		decal_origin = -0.177362,1.000000,1.349492,0xCB07A0DF;
	  f far_plane = 1.100000;
	  x guid = 0x00000000;
	  f horizontal_meters = 4.000000;
	  f lod = 1.000000;
	  f near_plane = 0.100000;
		texture = Art\Bitmaps\Decals\b_d_grs01-path.%img%;
	  f vertical_meters = 4.000000;
	}
	[t:decal,n:*]
	{
		decal_orientation = -0.839036,0.544075,0.000000,0.000000,0.000000,-1.000000,-0.544075,-0.839036,0.000000;
		decal_origin = 0.054079,1.000000,0.961085,0x71A523D2;
	  f far_plane = 1.100000;
