[decals]
{
	[t:decal,n:*]
	{
		decal_orientation = 0.000000,1.000000,0.000000,0.000000,0.000000,-1.000000,-1.000000,0.000000,0.000000;
		decal_origin = 3.101891,2.900002,3.108383,0x1331CE2D;
	  f far_plane = 1.100000;
	  x guid = 0xE1F749EF;
	  f horizontal_meters = 3.000000;
	  f lod = 1.000000;
	  f near_plane = 0.100000;
		texture = Art\Bitmaps\Decals\b_d_snow-a.%img%;
	  f vertical_meters = 3.000000;
	}
	[t:decal,n:*]
	{
		decal_orientation = 0.000000,-1.000000,0.000000,0.000000,0.000000,-1.000000,1.000000,0.000000,0.000000;
		decal_origin = -3.212050,1.000000,-1.557242,0x195D9427;
	  f far_plane = 1.100000;
	  x guid = 0x46490D28;
	  f horizontal_meters = 3.000000;
	  f lod = 1.000000;
	  f near_plane = 0.100000;
		texture = Art\Bitmaps\Decals\b_d_snow-a.%img%;
	  f vertical_meters = 3.000000;
	}
	[t:decal,n:*]
	{
		decal_orientation = 0.983971,0.178327,0.000000,0.000000,0.000000,-1.000000,-0.178327,0.983971,0.000000;
		decal_origin = -0.789609,1.000000,1.945824,0x195D9427;
	  f far_plane = 1.100000;
	  x guid = 0x00000000;
	  f horizontal_meters = 4.000000;
	  f lod = 1.000000;
	  f near_plane = 0.100000;
		texture = Art\Bitmaps\Decals\b_d_for01-path.%img%;
	  f vertical_meters = 4.000000;
	}
	[t:decal,n:*]
	{
		decal_orientation = 0.000000,-1.000000,0.000000,0.000000,0.000000,-1.000000,1.000000,0.000000,0.000000;
		decal_origin = 3.167951,1.000000,1.367105,0x195D9427;
	  f far_plane = 1.100000;
	  x guid = 0x2F7143CF;
	  f horizontal_meters = 4.000000;
	  f lod = 1.000000;
	  f near_plane = 0.100000;
		texture = Art\Bitmaps\Decals\b_d_for01-path.%img%;
	  f vertical_meters = 4.000000;
	}
	[t:decal,n:*]
	{
		decal_orientation = 0.000000,-1.000000,0.000000,0.000000,0.000000,-1.000000,1.000000,0.000000,0.000000;
		decal_origin = 3.466766,1.000000,-0.610921,0x195D9427;
	  f far_plane = 1.100000;
	  x guid = 0x9F4CA012;
	  f horizontal_meters = 4.000000;
	  f lod = 1.000000;
	  f near_plane = 0.100000;
		texture = Art\Bitmaps\Decals\b_d_for01-path.%img%;
	  f vertical_meters = 4.000000;
	}
	[t:decal,n:*]
	{
		decal_orientation = 0.271573,0.867543,0.416674,0.000000,0.432945,-0.901420,-0.962418,0.244802,0.117576;
		decal_origin = 1.427647,-10.500698,-9.665497,0x96EFE298;
	  f far_plane = 1.100000;
	  x guid = 0xE35918D7;
	  f horizontal_meters = 3.000000;
	  f lod = 1.000000;
	  f near_plane = 0.100000;
		texture = Art\Bitmaps\Decals\b_d_snow-a.%img%;
	  f vertical_meters = 3.000000;
	}
	[t:decal,n:*]
	{
		decal_orientation = 0.743295,0.573672,0.344113,0.000000,0.514397,-0.857552,-0.668964,0.637414,0.382348;
		decal_origin = 2.232742,-10.700554,-11.320999,0x96EFE298;
	  f far_plane = 1.100000;
	  x guid = 0xF1338C13;
	  f horizontal_meters = 3.000000;
	  f lod = 1.000000;
	  f near_plane = 0.100000;
		texture = Art\Bitmaps\Decals\b_d_snow-a.%img%;
	  f vertical_meters = 3.000000;
	}
	[t:decal,n:*]
	{
		decal_orientation = 0.000000,-0.995037,-0.099504,0.000000,0.099504,-0.995037,1.000000,0.000000,0.000000;
		decal_origin = 1.130726,0.654182,0.281563,0x35B2C7C7;
	  f far_plane = 1.100000;
	  x guid = 0xA9A2699F;
	  f horizontal_meters = 3.000000;
	  f lod = 1.000000;
	  f near_plane = 0.100000;
		texture = Art\Bitmaps\Decals\b_d_snow-a.%img%;
	  f vertical_meters = 3.000000;
	}
	[t:decal,n:*]
	{
		decal_orientation = 0.000000,-1.000000,0.000000,0.000000,0.000000,-1.000000,1.000000,0.000000,0.000000;
		decal_origin = 1.021919,0.650002,1.844917,0x35B2C7C7;
	  f far_plane = 1.100000;
	  x guid = 0x781D3D96;
	  f horizontal_meters = 3.000000;
	  f lod = 1.000000;
	  f near_plane = 0.100000;
		texture = Art\Bitmaps\Decals\b_d_snow-a.%img%;
	  f vertical_meters = 3.000000;
	}
	[t:decal,n:*]
	{
		decal_orientation = 0.543689,-0.839287,0.000000,0.000000,0.000000,-1.000000,0.839287,0.543689,0.000000;
		decal_origin = 1.826123,1.000000,0.283052,0x81F39808;
	  f far_plane = 1.100000;
	  x guid = 0x00000000;
	  f horizontal_meters = 4.000000;
	  f lod = 1.000000;
	  f near_plane = 0.100000;
		texture = Art\Bitmaps\Decals\b_d_for01-path.%img%;
	  f vertical_meters = 4.000000;
	}
	[t:decal,n:*]
	{
		decal_orientation = 0.000000,-1.000000,0.000000,0.000000,0.000000,-1.000000,1.000000,0.000000,0.000000;
		decal_origin = 6.982403,5.000002,1.683609,0xA18C28BE;
	  f far_plane = 1.100000;
	  x guid = 0xD5DDA285;
	  f horizontal_meters = 4.000000;
	  f lod = 1.000000;
	  f near_plane = 0.100000;
		texture = Art\Bitmaps\Decals\b_d_for01-b.%img%;
	  f vertical_meters = 4.000000;
	}
	[t:decal,n:*]
	{
		decal_orientation = 0.526387,0.850245,0.000000,0.000000,0.000000,-1.000000,-0.850245,0.526387,0.000000;
		decal_origin = -1.395175,1.000000,-0.942767,0x47CE1F11;
	  f far_plane = 1.100000;
	  x guid = 0x00000000;
	  f horizontal_meters = 4.000000;
	  f lod = 1.000000;
	  f near_plane = 0.100000;
		texture = Art\Bitmaps\Decals\b_d_for01-path.%img%;
	  f vertical_meters = 4.000000;
	}
	[t:decal,n:*]
	{
		decal_orientation = 0.587904,0.808931,0.000000,0.000000,0.000000,-1.000000,-0.808931,0.587904,0.000000;
		decal_origin = -0.610045,1.000000,1.123197,0x045C5746;
	  f far_plane = 1.100000;
	  x guid = 0x00000000;
	  f horizontal_meters = 4.000000;
	  f lod = 1.000000;
	  f near_plane = 0.100000;
		texture = Art\Bitmaps\Decals\b_d_for01-path.%img%;
	  f vertical_meters = 4.000000;
	}
	[t:decal,n:*]
	{
		decal_orientation = 0.000000,-1.000000,0.000000,0.000000,0.000000,-1.000000,1.000000,0.000000,0.000000;
		decal_origin = 1.488448,1.000000,1.587815,0x045C5746;
	  f far_plane = 1.100000;
	  x guid = 0x2209FB37;
	  f horizontal_meters = 4.000000;
	  f lod = 1.000000;
	  f near_plane = 0.100000;
		texture = Art\Bitmaps\Decals\b_d_for01-path.%img%;
	  f vertical_meters = 4.000000;
	}
	[t:decal,n:*]
	{
		decal_orientation = 0.985289,0.170897,0.000000,0.000000,0.000000,-1.000000,-0.170897,0.985289,0.000000;
		decal_origin = 0.503326,1.000000,1.652638,0xF5E618CE;
	  f far_plane = 1.100000;
	  x guid = 0x00000000;
	  f horizontal_meters = 4.000000;
	  f lod = 1.000000;
	  f near_plane = 0.100000;
		texture = Art\Bitmaps\Decals\b_d_for01-path.%img%;
	  f vertical_meters = 4.000000;
	}
	[t:decal,n:*]
	{
		decal_orientation = 0.443374,-0.896337,0.000000,0.000000,0.000000,-1.000000,0.896337,0.443374,0.000000;
		decal_origin = 0.030940,1.000000,1.987781,0x17467BFC;
	  f far_plane = 1.100000;
	  x guid = 0x00000000;
	  f horizontal_meters = 4.000000;
	  f lod = 1.000000;
	  f near_plane = 0.100000;
		texture = Art\Bitmaps\Decals\b_d_for01-path.%img%;
	  f vertical_meters = 4.000000;
	}
	[t:decal,n:*]
	{
		decal_orientation = 0.833179,0.553004,0.000000,0.000000,0.000000,-1.000000,-0.553004,0.833179,0.000000;
		decal_origin = -0.621892,1.000000,-0.924049,0x328A7278;
	  f far_plane = 1.100000;
	  x guid = 0x00000000;
	  f horizontal_meters = 4.000000;
	  f lod = 1.000000;
	  f near_plane = 0.100000;
		texture = Art\Bitmaps\Decals\b_d_for01-path.%img%;
	  f vertical_meters = 4.000000;
	}
	[t:decal,n:*]
	{
		decal_orientation = -0.993931,0.110008,0.000000,0.000000,0.000000,-1.000000,-0.110008,-0.993931,0.000000;
		decal_origin = -0.086076,1.000000,-1.671065,0x06D23FD3;
	  f far_plane = 1.100000;
	  x guid = 0x00000000;
	  f horizontal_meters = 4.000000;
	  f lod = 1.000000;
	  f near_plane = 0.100000;
		texture = Art\Bitmaps\Decals\b_d_for01-path.%img%;
	  f vertical_meters = 4.000000;
	}
	[t:decal,n:*]
	{
		decal_orientation = -0.555933,-0.831227,0.000000,0.000000,0.000000,-1.000000,0.831227,-0.555933,0.000000;
		decal_origin = 1.775506,1.000000,1.294957,0x116CAB3F;
	  f far_plane = 1.100000;
	  x guid = 0x00000000;
	  f horizontal_meters = 4.000000;
	  f lod = 1.000000;
	  f near_plane = 0.100000;
		texture = Art\Bitmaps\Decals\b_d_for01-path.%img%;
	  f vertical_meters = 4.000000;
	}
	[t:decal,n:*]
	{
		decal_orientation = 0.000000,-1.000000,0.000000,0.000000,0.000000,-1.000000,1.000000,0.000000,0.000000;
		decal_origin = 1.376713,1.000000,-0.481033,0x116CAB3F;
	  f far_plane = 1.100000;
	  x guid = 0xDE80BBD4;
	  f horizontal_meters = 4.000000;
	  f lod = 1.000000;
	  f near_plane = 0.100000;
		texture = Art\Bitmaps\Decals\b_d_for01-path.%img%;
	  f vertical_meters = 4.000000;
	}
	[t:decal,n:*]
	{
		decal_orientation = 0.707107,0.707106,0.000000,0.000000,0.000001,-1.000000,-0.707106,0.707107,0.000001;
		decal_origin = -8.845325,9.050001,0.497070,0x43A811F7;
	  f far_plane = 1.100000;
	  x guid = 0xA4B5BAC5;
	  f horizontal_meters = 4.000000;
	  f lod = 1.000000;
	  f near_plane = 0.100000;
		texture = Art\Bitmaps\Decals\b_d_for01-b.%img%;
	  f vertical_meters = 4.000000;
	}
	[t:decal,n:*]
	{
		decal_orientation = -0.003316,-0.999995,0.000000,0.000000,0.000000,-1.000000,0.999995,-0.003316,0.000000;
		decal_origin = -1.859482,1.000000,1.125947,0x2B05C0C9;
	  f far_plane = 1.100000;
	  x guid = 0x00000000;
	  f horizontal_meters = 4.000000;
	  f lod = 1.000000;
	  f near_plane = 0.100000;
		texture = Art\Bitmaps\Decals\b_d_for01-path.%img%;
	  f vertical_meters = 4.000000;
	}
	[t:decal,n:*]
	{
		decal_orientation = 0.000000,-1.000000,0.000000,0.000000,0.000000,-1.000000,1.000000,0.000000,0.000000;
		decal_origin = 1.786347,1.000000,-0.580822,0x2B05C0C9;
	  f far_plane = 1.100000;
	  x guid = 0x3CEF4C9D;
	  f horizontal_meters = 4.000000;
	  f lod = 1.000000;
	  f near_plane = 0.100000;
		texture = Art\Bitmaps\Decals\b_d_for01-path.%img%;
	  f vertical_meters = 4.000000;
	}
	[t:decal,n:*]
	{
		decal_orientation = 0.000000,-1.000000,0.000000,0.000000,0.000000,-1.000000,1.000000,0.000000,0.000000;
		decal_origin = 1.552164,1.000000,0.933705,0x2B05C0C9;
	  f far_plane = 1.100000;
	  x guid = 0x9E6707CC;
	  f horizontal_meters = 4.000000;
	  f lod = 1.000000;
	  f near_plane = 0.100000;
		texture = Art\Bitmaps\Decals\b_d_for01-path.%img%;
	  f vertical_meters = 4.000000;
	}
	[t:decal,n:*]
	{
		decal_orientation = 0.987085,0.160195,0.000000,0.000000,0.000000,-1.000000,-0.160195,0.987085,0.000000;
		decal_origin = -1.049269,1.000000,-1.399272,0x7E622880;
	  f far_plane = 1.100000;
	  x guid = 0x00000000;
	  f horizontal_meters = 4.000000;
	  f lod = 1.000000;
	  f near_plane = 0.100000;
		texture = Art\Bitmaps\Decals\b_d_for01-path.%img%;
	  f vertical_meters = 4.000000;
	}
	[t:decal,n:*]
	{
		decal_orientation = 0.124889,0.992171,0.000000,0.000000,0.000000,-1.000000,-0.992171,0.124889,0.000000;
		decal_origin = -0.450452,1.000000,-1.406392,0xFC9B3B65;
	  f far_plane = 1.100000;
	  x guid = 0x00000000;
	  f horizontal_meters = 4.000000;
	  f lod = 1.000000;
	  f near_plane = 0.100000;
		texture = Art\Bitmaps\Decals\b_d_abc01-path.%img%;
	  f vertical_meters = 4.000000;
	}
	[t:decal,n:*]
	{
		decal_orientation = 0.000000,-1.000000,0.000000,0.000000,0.000000,-1.000000,1.000000,0.000000,0.000000;
		decal_origin = 1.556299,1.000000,-1.111728,0xFC9B3B65;
	  f far_plane = 1.100000;
	  x guid = 0x4F16028B;
	  f horizontal_meters = 4.000000;
	  f lod = 1.000000;
	  f near_plane = 0.100000;
		texture = Art\Bitmaps\Decals\b_d_abc01-path.%img%;
	  f vertical_meters = 4.000000;
	}
	[t:decal,n:*]
	{
		decal_orientation = 1.000000,0.000000,0.000000,0.000000,0.316227,-0.948683,0.000000,0.948683,0.316227;
		decal_origin = 1.299338,-1.015409,-6.208504,0xCB05365E;
	  f far_plane = 1.100000;
	  x guid = 0x1BB4FB28;
	  f horizontal_meters = 4.000000;
	  f lod = 1.000000;
	  f near_plane = 0.100000;
		texture = Art\Bitmaps\Decals\b_d_abc01-path.%img%;
	  f vertical_meters = 4.000000;
	}
	[t:decal,n:*]
	{
		decal_orientation = 0.000000,-1.000000,0.000000,0.000000,0.000000,-1.000000,1.000000,0.000000,0.000000;
		decal_origin = 1.111125,0.000000,-3.460249,0x09C1D29E;
	  f far_plane = 1.100000;
	  x guid = 0x2FC3C2C6;
	  f horizontal_meters = 4.000000;
	  f lod = 1.000000;
	  f near_plane = 0.100000;
		texture = Art\Bitmaps\Decals\b_d_abc01-path.%img%;
	  f vertical_meters = 4.000000;
	}
	[t:decal,n:*]
	{
		decal_orientation = 0.000000,-1.000000,0.000000,0.000000,0.000000,-1.000000,1.000000,0.000000,0.000000;
		decal_origin = -1.019787,0.000000,-3.169581,0x09C1D29E;
	  f far_plane = 1.100000;
	  x guid = 0x6CA4FD4D;
	  f horizontal_meters = 4.000000;
	  f lod = 1.000000;
	  f near_plane = 0.100000;
		texture = Art\Bitmaps\Decals\b_d_abc01-path.%img%;
	  f vertical_meters = 4.000000;
	}
	[t:decal,n:*]
	{
		decal_orientation = 0.000000,-1.000000,0.000000,0.000000,0.000000,-1.000000,1.000000,0.000000,0.000000;
		decal_origin = 1.727433,1.000002,-0.616748,0x91D6D477;
	  f far_plane = 1.100000;
	  x guid = 0x9F2687C4;
	  f horizontal_meters = 4.000000;
	  f lod = 1.000000;
	  f near_plane = 0.100000;
		texture = Art\Bitmaps\Decals\b_d_abc01-path.%img%;
	  f vertical_meters = 4.000000;
	}
	[t:decal,n:*]
	{
		decal_orientation = 0.000000,-1.000000,0.000000,0.000000,0.000000,-1.000000,1.000000,0.000000,0.000000;
		decal_origin = 1.276284,1.000002,1.560664,0x91D6D477;
	  f far_plane = 1.100000;
	  x guid = 0xDBD724F1;
	  f horizontal_meters = 4.000000;
	  f lod = 1.000000;
	  f near_plane = 0.100000;
		texture = Art\Bitmaps\Decals\b_d_abc01-path.%img%;
	  f vertical_meters = 4.000000;
	}
	[t:decal,n:*]
	{
		decal_orientation = 0.000000,-1.000000,0.000000,0.000000,0.000000,-1.000000,1.000000,0.000000,0.000000;
		decal_origin = 1.635587,1.000002,-0.911646,0xBE86DD6E;
	  f far_plane = 1.100000;
	  x guid = 0x2C7E8D71;
	  f horizontal_meters = 4.000000;
	  f lod = 1.000000;
	  f near_plane = 0.100000;
		texture = Art\Bitmaps\Decals\b_d_abc01-path.%img%;
	  f vertical_meters = 4.000000;
	}
	[t:decal,n:*]
	{
		decal_orientation = 0.000000,-1.000000,0.000000,0.000000,0.000000,-1.000000,1.000000,0.000000,0.000000;
		decal_origin = 0.960572,1.000000,1.460226,0xBE86DD6E;
	  f far_plane = 1.100000;
	  x guid = 0x96B223AD;
	  f horizontal_meters = 4.000000;
	  f lod = 1.000000;
	  f near_plane = 0.100000;
		texture = Art\Bitmaps\Decals\b_d_abc01-path.%img%;
	  f vertical_meters = 4.000000;
	}
	[t:decal,n:*]
	{
		decal_orientation = -0.335883,0.941904,0.000000,0.000000,0.000000,-1.000000,-0.941904,-0.335883,0.000000;
		decal_origin = -1.583462,1.000000,-0.766612,0xA28289C4;
	  f far_plane = 1.100000;
	  x guid = 0x00000000;
	  f horizontal_meters = 4.000000;
	  f lod = 1.000000;
	  f near_plane = 0.100000;
		texture = Art\Bitmaps\Decals\b_d_sn02-path.%img%;
	  f vertical_meters = 4.000000;
	}
	[t:decal,n:*]
	{
		decal_orientation = -0.396303,0.918120,0.000000,0.000000,0.000000,-1.000000,-0.918120,-0.396303,0.000000;
		decal_origin = -1.204544,1.000000,0.023455,0xAAB4771A;
	  f far_plane = 1.100000;
	  x guid = 0x00000000;
	  f horizontal_meters = 4.000000;
	  f lod = 1.000000;
	  f near_plane = 0.100000;
		texture = Art\Bitmaps\Decals\b_d_sn02-path.%img%;
	  f vertical_meters = 4.000000;
	}
	[t:decal,n:*]
	{
		decal_orientation = -0.069920,-0.997553,0.000000,0.000000,0.000000,-1.000000,0.997553,-0.069920,0.000000;
		decal_origin = 0.840531,1.000000,-0.806388,0x04FE8DD4;
	  f far_plane = 1.100000;
	  x guid = 0x00000000;
	  f horizontal_meters = 4.000000;
	  f lod = 1.000000;
	  f near_plane = 0.100000;
		texture = Art\Bitmaps\Decals\b_d_sn02-path.%img%;
	  f vertical_meters = 4.000000;
	}
	[t:decal,n:*]
	{
		decal_orientation = 0.000000,-1.000000,0.000000,0.000000,0.000000,-1.000000,1.000000,0.000000,0.000000;
		decal_origin = -3.380727,0.999999,1.469050,0x04FE8DD4;
	  f far_plane = 1.100000;
	  x guid = 0xBEB469C7;
	  f horizontal_meters = 4.000000;
	  f lod = 1.000000;
	  f near_plane = 0.100000;
		texture = Art\Bitmaps\Decals\b_d_sn02-path.%img%;
	  f vertical_meters = 4.000000;
	}
	[t:decal,n:*]
	{
		decal_orientation = -0.000000,1.000000,0.000000,0.000000,0.000000,-1.000000,-1.000000,-0.000000,0.000000;
		decal_origin = -3.455318,1.000000,-1.084656,0x04FE8DD4;
	  f far_plane = 1.100000;
	  x guid = 0x44D57725;
	  f horizontal_meters = 4.000000;
	  f lod = 1.000000;
	  f near_plane = 0.100000;
		texture = Art\Bitmaps\Decals\b_d_sn02-path.%img%;
	  f vertical_meters = 4.000000;
	}
	[t:decal,n:*]
	{
		decal_orientation = 0.974522,-0.224292,0.000000,0.000000,0.000000,-1.000000,0.224292,0.974522,0.000000;
		decal_origin = 0.093120,1.000000,-1.498738,0xFCBE1178;
	  f far_plane = 1.100000;
	  x guid = 0x00000000;
	  f horizontal_meters = 4.000000;
	  f lod = 1.000000;
	  f near_plane = 0.100000;
		texture = Art\Bitmaps\Decals\b_d_sn02-path.%img%;
	  f vertical_meters = 4.000000;
	}
	[t:decal,n:*]
	{
		decal_orientation = 0.000000,-1.000000,0.000000,0.000000,0.000000,-1.000000,1.000000,0.000000,0.000000;
		decal_origin = 1.584236,1.000000,0.521408,0xFCBE1178;
	  f far_plane = 1.100000;
	  x guid = 0x526DADB2;
	  f horizontal_meters = 4.000000;
	  f lod = 1.000000;
	  f near_plane = 0.100000;
		texture = Art\Bitmaps\Decals\b_d_sn02-path.%img%;
	  f vertical_meters = 4.000000;
	}
	[t:decal,n:*]
	{
		decal_orientation = 1.000000,0.000000,0.000000,0.000000,0.000000,-1.000000,-0.000000,1.000000,0.000000;
		decal_origin = 1.061394,1.000000,-1.813858,0xFCBE1178;
	  f far_plane = 1.100000;
	  x guid = 0x1CDEFAE2;
	  f horizontal_meters = 4.000000;
	  f lod = 1.000000;
	  f near_plane = 0.100000;
		texture = Art\Bitmaps\Decals\b_d_sn02-path.%img%;
	  f vertical_meters = 4.000000;
	}
	[t:decal,n:*]
	{
		decal_orientation = 0.551935,-0.833887,0.000000,0.000000,0.000000,-1.000000,0.833887,0.551935,0.000000;
		decal_origin = -1.595403,1.000000,1.452085,0x8BF6B900;
	  f far_plane = 1.100000;
	  x guid = 0x00000000;
	  f horizontal_meters = 4.000000;
	  f lod = 1.000000;
	  f near_plane = 0.100000;
		texture = Art\Bitmaps\Decals\b_d_sn02-path.%img%;
	  f vertical_meters = 4.000000;
	}
	[t:decal,n:*]
	{
		decal_orientation = 0.000000,-1.000000,0.000000,0.000000,0.000000,-1.000000,1.000000,0.000000,0.000000;
		decal_origin = 3.561020,1.000000,0.888679,0x8BF6B900;
	  f far_plane = 1.100000;
	  x guid = 0x479CB957;
	  f horizontal_meters = 4.000000;
	  f lod = 1.000000;
	  f near_plane = 0.100000;
		texture = Art\Bitmaps\Decals\b_d_sn02-path.%img%;
	  f vertical_meters = 4.000000;
	}
	[t:decal,n:*]
	{
		decal_orientation = -1.000000,0.000000,-0.000000,-0.000000,-0.000000,-1.000000,-0.000000,-1.000000,0.000000;
		decal_origin = 3.821465,1.000000,-0.863632,0x8BF6B900;
	  f far_plane = 1.100000;
	  x guid = 0x32B5E2CB;
	  f horizontal_meters = 4.000000;
	  f lod = 1.000000;
	  f near_plane = 0.100000;
		texture = Art\Bitmaps\Decals\b_d_sn02-path.%img%;
	  f vertical_meters = 4.000000;
	}
	[t:decal,n:*]
	{
		decal_orientation = 0.000000,-1.000000,0.000000,0.000000,0.000000,-1.000000,1.000000,0.000000,0.000000;
		decal_origin = 1.444770,0.999998,-0.874699,0x14590989;
	  f far_plane = 1.100000;
	  x guid = 0x49A5D7B7;
	  f horizontal_meters = 4.000000;
	  f lod = 1.000000;
	  f near_plane = 0.100000;
		texture = Art\Bitmaps\Decals\b_d_sn02-path.%img%;
	  f vertical_meters = 4.000000;
	}
	[t:decal,n:*]
	{
		decal_orientation = -0.707107,0.707107,0.000000,0.000000,0.000000,-1.000000,-0.707107,-0.707107,-0.000000;
		decal_origin = 1.500580,1.000000,1.587692,0x14590989;
	  f far_plane = 1.100000;
	  x guid = 0xEB56A14E;
	  f horizontal_meters = 4.000000;
	  f lod = 1.000000;
	  f near_plane = 0.100000;
		texture = Art\Bitmaps\Decals\b_d_sn02-path.%img%;
	  f vertical_meters = 4.000000;
	}
	[t:decal,n:*]
	{
		decal_orientation = 0.000000,-1.000000,0.000000,0.000000,0.000000,-1.000000,1.000000,0.000000,0.000000;
		decal_origin = 1.873718,1.000000,1.253326,0x3B215593;
	  f far_plane = 1.100000;
	  x guid = 0x15F6A8B0;
	  f horizontal_meters = 4.000000;
	  f lod = 1.000000;
	  f near_plane = 0.100000;
		texture = Art\Bitmaps\Decals\b_d_sn02-path.%img%;
	  f vertical_meters = 4.000000;
	}
	[t:decal,n:*]
	{
		decal_orientation = -0.707107,0.707107,0.000000,0.000000,0.000000,-1.000000,-0.707107,-0.707107,0.000000;
		decal_origin = 1.506340,1.000000,-0.657227,0x3B215593;
	  f far_plane = 1.100000;
	  x guid = 0x6B040B86;
	  f horizontal_meters = 4.000000;
	  f lod = 1.000000;
	  f near_plane = 0.100000;
		texture = Art\Bitmaps\Decals\b_d_sn02-path.%img%;
	  f vertical_meters = 4.000000;
	}
	[t:decal,n:*]
	{
		decal_orientation = 0.707107,-0.707107,0.000000,0.000000,0.000000,-1.000000,0.707107,0.707107,0.000000;
		decal_origin = 1.208527,1.000000,-1.035873,0xE38CA8FC;
	  f far_plane = 1.100000;
	  x guid = 0x0E75341C;
	  f horizontal_meters = 4.000000;
	  f lod = 1.000000;
	  f near_plane = 0.100000;
		texture = Art\Bitmaps\Decals\b_d_sn02-path.%img%;
	  f vertical_meters = 4.000000;
	}
	[t:decal,n:*]
	{
		decal_orientation = 0.000000,-1.000000,0.000000,0.000000,0.000000,-1.000000,1.000000,0.000000,0.000000;
		decal_origin = 0.930023,1.000000,1.691048,0xE38CA8FC;
	  f far_plane = 1.100000;
	  x guid = 0x7821AA25;
	  f horizontal_meters = 4.000000;
	  f lod = 1.000000;
	  f near_plane = 0.100000;
		texture = Art\Bitmaps\Decals\b_d_sn02-path.%img%;
	  f vertical_meters = 4.000000;
	}
	[t:decal,n:*]
	{
		decal_orientation = -0.730114,-0.683325,0.000000,0.000000,0.000000,-1.000000,0.683325,-0.730114,0.000000;
		decal_origin = 1.138683,1.000000,0.778407,0x5DACD34A;
	  f far_plane = 1.100000;
	  x guid = 0x00000000;
	  f horizontal_meters = 4.000000;
	  f lod = 1.000000;
	  f near_plane = 0.100000;
		texture = Art\Bitmaps\Decals\b_d_sn02-path.%img%;
	  f vertical_meters = 4.000000;
	}
	[t:decal,n:*]
	{
		decal_orientation = -0.875141,0.483868,0.000000,0.000000,0.000000,-1.000000,-0.483868,-0.875141,0.000000;
		decal_origin = -1.098078,1.000000,-1.409573,0x0F89AFFE;
	  f far_plane = 1.100000;
	  x guid = 0x00000000;
	  f horizontal_meters = 4.000000;
	  f lod = 1.000000;
	  f near_plane = 0.100000;
		texture = Art\Bitmaps\Decals\b_d_sn02-path.%img%;
	  f vertical_meters = 4.000000;
	}
	[t:decal,n:*]
	{
		decal_orientation = -0.933307,-0.359079,0.000000,0.000000,0.000000,-1.000000,0.359079,-0.933307,0.000000;
		decal_origin = 0.542427,1.000000,1.966187,0x0F89AFFE;
	  f far_plane = 1.100000;
	  x guid = 0x00000000;
	  f horizontal_meters = 4.000000;
	  f lod = 1.000000;
	  f near_plane = 0.100000;
		texture = Art\Bitmaps\Decals\b_d_sn02-path.%img%;
	  f vertical_meters = 4.000000;
	}
	[t:decal,n:*]
	{
		decal_orientation = -0.622453,-0.782657,0.000000,0.000000,0.000000,-1.000000,0.782657,-0.622453,0.000000;
		decal_origin = 1.516652,1.000000,1.116875,0x26005B85;
	  f far_plane = 1.100000;
	  x guid = 0x00000000;
	  f horizontal_meters = 4.000000;
	  f lod = 1.000000;
	  f near_plane = 0.100000;
		texture = Art\Bitmaps\Decals\b_d_sn02-path.%img%;
	  f vertical_meters = 4.000000;
	}
	[t:decal,n:*]
	{
		decal_orientation = -0.273501,-0.961872,0.000000,0.000000,0.000000,-1.000000,0.961872,-0.273501,0.000000;
		decal_origin = 1.072057,1.000000,0.482540,0xEE6513C6;
	  f far_plane = 1.100000;
	  x guid = 0x00000000;
	  f horizontal_meters = 4.000000;
	  f lod = 1.000000;
	  f near_plane = 0.100000;
		texture = Art\Bitmaps\Decals\b_d_sn02-path.%img%;
	  f vertical_meters = 4.000000;
	}
	[t:decal,n:*]
	{
		decal_orientation = 0.000000,-1.000000,0.000000,0.000000,0.000000,-1.000000,1.000000,0.000000,0.000000;
		decal_origin = 1.217422,1.000000,1.417564,0xA6218FF9;
	  f far_plane = 1.100000;
	  x guid = 0xBDD83E30;
	  f horizontal_meters = 4.000000;
	  f lod = 1.000000;
	  f near_plane = 0.100000;
		texture = Art\Bitmaps\Decals\b_d_sn02-path.%img%;
	  f vertical_meters = 4.000000;
	}
	[t:decal,n:*]
	{
		decal_orientation = 0.707107,-0.707107,0.000000,0.000000,0.000000,-1.000000,0.707107,0.707107,0.000000;
		decal_origin = 1.794373,1.000000,-0.922787,0xA6218FF9;
	  f far_plane = 1.100000;
	  x guid = 0x7F9E010E;
	  f horizontal_meters = 4.000000;
	  f lod = 1.000000;
	  f near_plane = 0.100000;
		texture = Art\Bitmaps\Decals\b_d_sn02-path.%img%;
	  f vertical_meters = 4.000000;
	}
	[t:decal,n:*]
	{
		decal_orientation = 0.000000,-1.000000,0.000000,0.000000,0.000000,-1.000000,1.000000,0.000000,0.000000;
		decal_origin = 0.958588,1.000000,-0.612762,0xF2F4DB1A;
	  f far_plane = 1.100000;
	  x guid = 0xC4C538BE;
	  f horizontal_meters = 4.000000;
	  f lod = 1.000000;
	  f near_plane = 0.100000;
		texture = Art\Bitmaps\Decals\b_d_sn02-path.%img%;
	  f vertical_meters = 4.000000;
	}
	[t:decal,n:*]
	{
		decal_orientation = 0.707107,-0.707107,0.000000,0.000000,0.000000,-1.000000,0.707107,0.707107,0.000000;
		decal_origin = 1.331455,1.000000,1.435455,0xF2F4DB1A;
	  f far_plane = 1.100000;
	  x guid = 0xFEE7D047;
	  f horizontal_meters = 4.000000;
	  f lod = 1.000000;
	  f near_plane = 0.100000;
		texture = Art\Bitmaps\Decals\b_d_sn02-path.%img%;
	  f vertical_meters = 4.000000;
	}
	[t:decal,n:*]
	{
		decal_orientation = 0.192314,0.981334,0.000000,0.000000,0.000000,-1.000000,-0.981334,0.192314,0.000000;
		decal_origin = -1.087300,1.000000,1.378811,0x5756E980;
	  f far_plane = 1.100000;
	  x guid = 0x00000000;
	  f horizontal_meters = 4.000000;
	  f lod = 1.000000;
	  f near_plane = 0.100000;
		texture = Art\Bitmaps\Decals\b_d_sn02-path.%img%;
	  f vertical_meters = 4.000000;
	}
	[t:decal,n:*]
	{
		decal_orientation = -0.707107,-0.707107,0.000000,0.000000,-0.000000,-1.000000,0.707107,-0.707107,0.000000;
		decal_origin = 1.931030,1.000000,0.934906,0x5756E980;
	  f far_plane = 1.100000;
	  x guid = 0xDBA481E6;
	  f horizontal_meters = 4.000000;
	  f lod = 1.000000;
	  f near_plane = 0.100000;
		texture = Art\Bitmaps\Decals\b_d_sn02-path.%img%;
	  f vertical_meters = 4.000000;
	}
	[t:decal,n:*]
	{
		decal_orientation = -1.000000,0.000000,-0.000000,-0.000000,-0.000000,-1.000000,-0.000000,-1.000000,0.000000;
		decal_origin = 1.558640,1.000000,-1.098129,0x5756E980;
	  f far_plane = 1.100000;
	  x guid = 0x5329FA93;
	  f horizontal_meters = 4.000000;
	  f lod = 1.000000;
	  f near_plane = 0.100000;
		texture = Art\Bitmaps\Decals\b_d_sn02-path.%img%;
	  f vertical_meters = 4.000000;
	}
	[t:decal,n:*]
	{
		decal_orientation = -0.987859,-0.155353,0.000000,0.000000,0.000000,-1.000000,0.155353,-0.987859,0.000000;
		decal_origin = -0.894193,1.000000,-1.593976,0x411976B2;
	  f far_plane = 1.100000;
	  x guid = 0x00000000;
	  f horizontal_meters = 4.000000;
	  f lod = 1.000000;
	  f near_plane = 0.100000;
		texture = Art\Bitmaps\Decals\b_d_sn02-path.%img%;
	  f vertical_meters = 4.000000;
	}
	[t:decal,n:*]
	{
		decal_orientation = 0.000000,1.000000,0.000000,0.000000,0.000000,-1.000000,-1.000000,0.000000,0.000000;
		decal_origin = 1.646871,1.000000,1.281932,0x5225CA58;
	  f far_plane = 1.100000;
	  x guid = 0xA459F384;
	  f horizontal_meters = 4.000000;
	  f lod = 1.000000;
	  f near_plane = 0.100000;
		texture = Art\Bitmaps\Decals\b_d_sn02-path.%img%;
	  f vertical_meters = 4.000000;
	}
	[t:decal,n:*]
	{
		decal_orientation = 0.000000,-1.000000,0.000000,0.000000,0.000000,-1.000000,1.000000,0.000000,0.000000;
		decal_origin = 1.135006,1.000000,-0.722473,0x5225CA58;
	  f far_plane = 1.100000;
	  x guid = 0x4BB8AF20;
	  f horizontal_meters = 4.000000;
	  f lod = 1.000000;
	  f near_plane = 0.100000;
		texture = Art\Bitmaps\Decals\b_d_sn02-path.%img%;
	  f vertical_meters = 4.000000;
	}
	[t:decal,n:*]
	{
		decal_orientation = -0.979645,-0.200737,0.000000,0.000000,0.000000,-1.000000,0.200737,-0.979645,0.000000;
		decal_origin = -0.520362,1.000000,1.619989,0xD7683C15;
	  f far_plane = 1.100000;
	  x guid = 0x00000000;
	  f horizontal_meters = 4.000000;
	  f lod = 1.000000;
	  f near_plane = 0.100000;
		texture = Art\Bitmaps\Decals\b_d_sn02-path.%img%;
	  f vertical_meters = 4.000000;
	}
	[t:decal,n:*]
	{
		decal_orientation = -0.701486,0.712683,0.000000,0.000000,0.000000,-1.000000,-0.712683,-0.701486,0.000000;
		decal_origin = -0.213361,1.000000,0.667399,0xB6B2B6AC;
	  f far_plane = 1.100000;
	  x guid = 0x00000000;
	  f horizontal_meters = 4.000000;
	  f lod = 1.000000;
	  f near_plane = 0.100000;
		texture = Art\Bitmaps\Decals\b_d_sn02-path.%img%;
	  f vertical_meters = 4.000000;
	}
	[t:decal,n:*]
	{
		decal_orientation = 0.000000,-1.000000,0.000000,0.000000,0.000000,-1.000000,1.000000,0.000000,0.000000;
		decal_origin = 1.795305,0.999998,-0.658878,0xB6B2B6AC;
	  f far_plane = 1.100000;
	  x guid = 0x9A01336B;
	  f horizontal_meters = 4.000000;
	  f lod = 1.000000;
	  f near_plane = 0.100000;
		texture = Art\Bitmaps\Decals\b_d_sn02-path.%img%;
	  f vertical_meters = 4.000000;
	}
	[t:decal,n:*]
	{
		decal_orientation = 0.000000,0.966235,0.257663,0.000000,0.257663,-0.966235,-1.000000,0.000000,0.000000;
		decal_origin = -8.150090,-3.005079,-0.770561,0xA2055662;
	  f far_plane = 1.100000;
	  x guid = 0x8E44CFA1;
	  f horizontal_meters = 4.000000;
	  f lod = 1.000000;
	  f near_plane = 0.100000;
		texture = Art\Bitmaps\Decals\b_d_sn02-path.%img%;
	  f vertical_meters = 4.000000;
	}
	[t:decal,n:*]
	{
		decal_orientation = 0.000000,-1.000000,0.000000,0.000000,0.000000,-1.000000,1.000000,0.000000,0.000000;
		decal_origin = -0.827361,1.000000,1.162134,0xFBA0C105;
	  f far_plane = 1.100000;
	  x guid = 0x5E70EA6D;
	  f horizontal_meters = 4.000000;
	  f lod = 1.000000;
	  f near_plane = 0.100000;
		texture = Art\Bitmaps\Decals\b_d_sn02-path.%img%;
	  f vertical_meters = 4.000000;
	}
	[t:decal,n:*]
	{
		decal_orientation = 0.000000,-1.000000,0.000000,0.000000,0.000000,-1.000000,1.000000,0.000000,0.000000;
		decal_origin = 1.182471,1.000000,1.548398,0xFBA0C105;
	  f far_plane = 1.100000;
	  x guid = 0xDB0534D7;
	  f horizontal_meters = 4.000000;
	  f lod = 1.000000;
	  f near_plane = 0.100000;
		texture = Art\Bitmaps\Decals\b_d_sn02-path.%img%;
	  f vertical_meters = 4.000000;
	}
	[t:decal,n:*]
	{
		decal_orientation = 0.765178,0.643819,0.000000,0.000000,0.000000,-1.000000,-0.643819,0.765178,0.000000;
		decal_origin = -1.259137,1.000000,1.239037,0x1DC1D8B9;
	  f far_plane = 1.100000;
	  x guid = 0x00000000;
	  f horizontal_meters = 4.000000;
	  f lod = 1.000000;
	  f near_plane = 0.100000;
		texture = Art\Bitmaps\Decals\b_d_sn02-path.%img%;
	  f vertical_meters = 4.000000;
	}
	[t:decal,n:*]
	{
		decal_orientation = -0.257506,-0.966277,0.000000,0.000000,0.000000,-1.000000,0.966277,-0.257506,0.000000;
		decal_origin = 0.979238,1.000000,1.990412,0xFEE6DE07;
	  f far_plane = 1.100000;
	  x guid = 0x00000000;
	  f horizontal_meters = 4.000000;
	  f lod = 1.000000;
	  f near_plane = 0.100000;
		texture = Art\Bitmaps\Decals\b_d_sn02-path.%img%;
	  f vertical_meters = 4.000000;
	}
	[t:decal,n:*]
	{
		decal_orientation = -1.000000,0.000000,-0.000000,-0.000000,-0.000000,-1.000000,-0.000000,-1.000000,0.000000;
		decal_origin = 1.458470,1.000000,-1.203479,0xFEE6DE07;
	  f far_plane = 1.100000;
	  x guid = 0x5A3EF3FD;
	  f horizontal_meters = 4.000000;
	  f lod = 1.000000;
	  f near_plane = 0.100000;
		texture = Art\Bitmaps\Decals\b_d_sn02-path.%img%;
	  f vertical_meters = 4.000000;
	}
	[t:decal,n:*]
	{
		decal_orientation = 0.000000,1.000000,-0.000000,-0.000000,-0.000000,-1.000000,-1.000000,0.000000,0.000000;
		decal_origin = 0.840698,1.000000,1.122719,0xFEE6DE07;
	  f far_plane = 1.100000;
	  x guid = 0x7B946C51;
	  f horizontal_meters = 4.000000;
	  f lod = 1.000000;
	  f near_plane = 0.100000;
		texture = Art\Bitmaps\Decals\b_d_sn02-path.%img%;
	  f vertical_meters = 4.000000;
	}
	[t:decal,n:*]
	{
		decal_orientation = 0.931418,0.363951,0.000000,0.000000,0.000000,-1.000000,-0.363951,0.931418,0.000000;
		decal_origin = -1.555040,1.000000,-1.860495,0x54A878D1;
	  f far_plane = 1.100000;
	  x guid = 0x00000000;
	  f horizontal_meters = 4.000000;
	  f lod = 1.000000;
	  f near_plane = 0.100000;
		texture = Art\Bitmaps\Decals\b_d_sn02-path.%img%;
	  f vertical_meters = 4.000000;
	}
	[t:decal,n:*]
	{
		decal_orientation = 0.000000,-1.000000,0.000000,0.000000,0.000000,-1.000000,1.000000,0.000000,0.000000;
		decal_origin = 1.707793,1.000002,1.251632,0x54A878D1;
	  f far_plane = 1.100000;
	  x guid = 0xF9554035;
	  f horizontal_meters = 4.000000;
	  f lod = 1.000000;
	  f near_plane = 0.100000;
		texture = Art\Bitmaps\Decals\b_d_sn02-path.%img%;
	  f vertical_meters = 4.000000;
	}
	[t:decal,n:*]
	{
		decal_orientation = -0.707107,0.707107,-0.000000,-0.000000,-0.000000,-1.000000,-0.707107,-0.707107,0.000000;
		decal_origin = 1.559031,1.000000,-0.607454,0x54A878D1;
	  f far_plane = 1.100000;
	  x guid = 0x05BE47D3;
	  f horizontal_meters = 4.000000;
	  f lod = 1.000000;
	  f near_plane = 0.100000;
		texture = Art\Bitmaps\Decals\b_d_sn02-path.%img%;
	  f vertical_meters = 4.000000;
	}
	[t:decal,n:*]
	{
		decal_orientation = -0.901796,0.432161,0.000000,0.000000,0.000000,-1.000000,-0.432161,-0.901796,0.000000;
		decal_origin = 0.443871,1.000000,1.203774,0xFBCA479F;
	  f far_plane = 1.100000;
	  x guid = 0x00000000;
	  f horizontal_meters = 4.000000;
	  f lod = 1.000000;
	  f near_plane = 0.100000;
		texture = Art\Bitmaps\Decals\b_d_sn02-path.%img%;
	  f vertical_meters = 4.000000;
	}
	[t:decal,n:*]
	{
		decal_orientation = -0.973103,-0.230371,0.000000,0.000000,0.000000,-1.000000,0.230371,-0.973103,0.000000;
		decal_origin = 1.123920,1.000000,-0.380399,0x9FFCECE6;
	  f far_plane = 1.100000;
	  x guid = 0x00000000;
	  f horizontal_meters = 4.000000;
	  f lod = 1.000000;
	  f near_plane = 0.100000;
		texture = Art\Bitmaps\Decals\b_d_sn02-path.%img%;
	  f vertical_meters = 4.000000;
	}
	[t:decal,n:*]
	{
		decal_orientation = -0.725735,-0.687974,0.000000,0.000000,0.000000,-1.000000,0.687974,-0.725735,0.000000;
		decal_origin = 0.964994,1.000000,0.552910,0x9FFCECE6;
	  f far_plane = 1.100000;
	  x guid = 0x00000000;
	  f horizontal_meters = 4.000000;
	  f lod = 1.000000;
	  f near_plane = 0.100000;
		texture = Art\Bitmaps\Decals\b_d_sn02-path.%img%;
	  f vertical_meters = 4.000000;
	}
	[t:decal,n:*]
	{
		decal_orientation = 0.464521,0.885562,0.000000,0.000000,0.000000,-1.000000,-0.885562,0.464521,0.000000;
		decal_origin = 1.044147,1.000000,0.705021,0xCB1CB928;
	  f far_plane = 1.100000;
	  x guid = 0x00000000;
	  f horizontal_meters = 4.000000;
	  f lod = 1.000000;
	  f near_plane = 0.100000;
		texture = Art\Bitmaps\Decals\b_d_sn02-path.%img%;
	  f vertical_meters = 4.000000;
	}
	[t:decal,n:*]
	{
		decal_orientation = 0.000000,-1.000000,0.000000,0.000000,0.000000,-1.000000,1.000000,0.000000,0.000000;
		decal_origin = 1.545102,1.000002,1.623521,0x466C1A5B;
	  f far_plane = 1.100000;
	  x guid = 0x8BE97A08;
	  f horizontal_meters = 4.000000;
	  f lod = 1.000000;
	  f near_plane = 0.100000;
		texture = Art\Bitmaps\Decals\b_d_sn02-path.%img%;
	  f vertical_meters = 4.000000;
	}
	[t:decal,n:*]
	{
		decal_orientation = 0.000000,1.000000,0.000000,0.000000,0.000000,-1.000000,-1.000000,0.000000,0.000000;
		decal_origin = 1.717946,1.000000,-0.388437,0x466C1A5B;
	  f far_plane = 1.100000;
	  x guid = 0xDF4460C0;
	  f horizontal_meters = 4.000000;
	  f lod = 1.000000;
	  f near_plane = 0.100000;
		texture = Art\Bitmaps\Decals\b_d_sn02-path.%img%;
	  f vertical_meters = 4.000000;
	}
	[t:decal,n:*]
	{
		decal_orientation = -1.000000,0.000000,-0.000000,-0.000000,-0.000000,-1.000000,-0.000000,-1.000000,0.000000;
		decal_origin = 1.440525,1.000001,-1.027541,0x33F7D2E7;
	  f far_plane = 1.100000;
	  x guid = 0x5A1CF8DD;
	  f horizontal_meters = 4.000000;
	  f lod = 1.000000;
	  f near_plane = 0.100000;
		texture = Art\Bitmaps\Decals\b_d_sn02-path.%img%;
	  f vertical_meters = 4.000000;
	}
	[t:decal,n:*]
	{
		decal_orientation = 0.000000,-1.000000,0.000000,0.000000,0.000000,-1.000000,1.000000,0.000000,0.000000;
		decal_origin = 1.841034,1.000000,0.656782,0x33F7D2E7;
	  f far_plane = 1.100000;
	  x guid = 0xACC01235;
	  f horizontal_meters = 4.000000;
	  f lod = 1.000000;
	  f near_plane = 0.100000;
		texture = Art\Bitmaps\Decals\b_d_sn02-path.%img%;
	  f vertical_meters = 4.000000;
	}
	[t:decal,n:*]
	{
		decal_orientation = -0.000000,1.000000,0.000000,0.000000,0.000000,-1.000000,-1.000000,-0.000000,0.000000;
		decal_origin = 1.734352,1.000000,-1.081170,0x9ECF8338;
	  f far_plane = 1.100000;
	  x guid = 0xD36BFD73;
	  f horizontal_meters = 4.000000;
	  f lod = 1.000000;
	  f near_plane = 0.100000;
		texture = Art\Bitmaps\Decals\b_d_sn02-path.%img%;
	  f vertical_meters = 4.000000;
	}
	[t:decal,n:*]
	{
		decal_orientation = 0.000000,-1.000000,0.000000,0.000000,0.000000,-1.000000,1.000000,0.000000,0.000000;
		decal_origin = 1.476806,1.000000,1.235559,0x9ECF8338;
	  f far_plane = 1.100000;
	  x guid = 0x9D3AD874;
	  f horizontal_meters = 4.000000;
	  f lod = 1.000000;
	  f near_plane = 0.100000;
		texture = Art\Bitmaps\Decals\b_d_sn02-path.%img%;
	  f vertical_meters = 4.000000;
	}
	[t:decal,n:*]
	{
		decal_orientation = 0.707107,-0.707107,0.000000,0.000000,-0.000000,-1.000000,0.707107,0.707107,-0.000000;
		decal_origin = 1.220642,16.950005,1.946396,0xC3FC6D2A;
	  f far_plane = 1.100000;
	  x guid = 0xA3191462;
	  f horizontal_meters = 4.000000;
	  f lod = 1.000000;
	  f near_plane = 0.100000;
		texture = Art\Bitmaps\Decals\b_d_sn02-path.%img%;
	  f vertical_meters = 4.000000;
	}
	[t:decal,n:*]
	{
		decal_orientation = -0.699404,-0.714727,0.000000,0.000000,0.000000,-1.000000,0.714727,-0.699404,0.000000;
		decal_origin = 1.678832,1.000000,1.438523,0x4F8AE5A0;
	  f far_plane = 1.100000;
	  x guid = 0x00000000;
	  f horizontal_meters = 4.000000;
	  f lod = 1.000000;
	  f near_plane = 0.100000;
		texture = Art\Bitmaps\Decals\b_d_sn02-path.%img%;
	  f vertical_meters = 4.000000;
	}
	[t:decal,n:*]
	{
		decal_orientation = 0.266873,-0.963732,0.000000,0.000000,0.000000,-1.000000,0.963732,0.266873,0.000000;
		decal_origin = 1.351038,1.000000,-1.896343,0x4F8AE5A0;
	  f far_plane = 1.100000;
	  x guid = 0x00000000;
	  f horizontal_meters = 4.000000;
	  f lod = 1.000000;
	  f near_plane = 0.100000;
		texture = Art\Bitmaps\Decals\b_d_sn02-path.%img%;
	  f vertical_meters = 4.000000;
	}
	[t:decal,n:*]
	{
		decal_orientation = 0.000000,-1.000000,0.000000,0.000000,0.000000,-1.000000,1.000000,0.000000,0.000000;
		decal_origin = -1.061633,0.999998,3.416419,0x4F8AE5A0;
	  f far_plane = 1.100000;
	  x guid = 0xF3294E6A;
	  f horizontal_meters = 4.000000;
	  f lod = 1.000000;
	  f near_plane = 0.100000;
		texture = Art\Bitmaps\Decals\b_d_sn02-path.%img%;
	  f vertical_meters = 4.000000;
	}
	[t:decal,n:*]
	{
		decal_orientation = -0.707107,-0.707107,0.000000,0.000000,-0.000000,-1.000000,0.707107,-0.707107,0.000000;
		decal_origin = 0.752602,1.000000,3.291199,0x4F8AE5A0;
	  f far_plane = 1.100000;
	  x guid = 0xB12C87EA;
	  f horizontal_meters = 4.000000;
	  f lod = 1.000000;
	  f near_plane = 0.100000;
		texture = Art\Bitmaps\Decals\b_d_sn02-path.%img%;
	  f vertical_meters = 4.000000;
	}
	[t:decal,n:*]
	{
		decal_orientation = 0.416276,0.909238,0.000000,0.000000,0.000000,-1.000000,-0.909238,0.416276,0.000000;
		decal_origin = 1.850023,1.000000,1.846712,0xEC01EAB1;
	  f far_plane = 1.100000;
	  x guid = 0x00000000;
	  f horizontal_meters = 4.000000;
	  f lod = 1.000000;
	  f near_plane = 0.100000;
		texture = Art\Bitmaps\Decals\b_d_sn02-path.%img%;
	  f vertical_meters = 4.000000;
	}
	[t:decal,n:*]
	{
		decal_orientation = 0.000000,-1.000000,0.000000,0.000000,0.000000,-1.000000,1.000000,0.000000,0.000000;
		decal_origin = 1.998007,1.000002,-1.479795,0x287A578D;
	  f far_plane = 1.100000;
	  x guid = 0x64BF8097;
	  f horizontal_meters = 4.000000;
	  f lod = 1.000000;
	  f near_plane = 0.100000;
		texture = Art\Bitmaps\Decals\b_d_sn02-path.%img%;
	  f vertical_meters = 4.000000;
	}
	[t:decal,n:*]
	{
		decal_orientation = 0.000000,-1.000000,0.000000,0.000000,0.000000,-1.000000,1.000000,0.000000,0.000000;
		decal_origin = -0.774026,1.000000,1.846428,0x7C3D6066;
	  f far_plane = 1.100000;
	  x guid = 0x9826A868;
	  f horizontal_meters = 4.000000;
	  f lod = 1.000000;
	  f near_plane = 0.100000;
		texture = Art\Bitmaps\Decals\b_d_sn02-path.%img%;
	  f vertical_meters = 4.000000;
	}
	[t:decal,n:*]
	{
		decal_orientation = 0.919680,0.392669,0.000000,0.000000,0.000000,-1.000000,-0.392669,0.919680,0.000000;
		decal_origin = 0.971102,1.000000,-1.413371,0x77A912B1;
	  f far_plane = 1.100000;
	  x guid = 0x00000000;
	  f horizontal_meters = 4.000000;
	  f lod = 1.000000;
	  f near_plane = 0.100000;
		texture = Art\Bitmaps\Decals\b_d_sn02-path.%img%;
	  f vertical_meters = 4.000000;
	}
	[t:decal,n:*]
	{
		decal_orientation = -0.929469,-0.368901,0.000000,0.000000,0.000000,-1.000000,0.368901,-0.929469,0.000000;
		decal_origin = 0.143047,1.000000,1.284439,0xE4D1C8EA;
	  f far_plane = 1.100000;
	  x guid = 0x00000000;
	  f horizontal_meters = 4.000000;
	  f lod = 1.000000;
	  f near_plane = 0.100000;
