[decals]
{
	[t:decal,n:*]
	{
		decal_orientation = 0.000000,-1.000000,0.000000,0.000000,0.000000,-1.000000,1.000000,0.000000,0.000000;
		decal_origin = 23.197418,1.100001,1.079823,0xF49C03AE;
	  f far_plane = 1.100000;
	  x guid = 0x6F3AD763;
	  f horizontal_meters = 1.000000;
	  f lod = 1.000000;
	  f near_plane = 0.100000;
		texture = art\bitmaps\decals\b_d_scorch.%img%;
	  f vertical_meters = 1.000000;
	}
	[t:decal,n:*]
	{
		decal_orientation = 0.000000,-1.000000,0.000000,0.000000,0.000000,-1.000000,1.000000,0.000000,0.000000;
		decal_origin = -0.488764,13.000002,1.845556,0x9595CD3E;
	  f far_plane = 1.100000;
	  x guid = 0x406F6EB5;
	  f horizontal_meters = 1.000000;
	  f lod = 1.000000;
	  f near_plane = 0.100000;
		texture = art\bitmaps\decals\b_d_scorch.%img%;
	  f vertical_meters = 1.000000;
	}
	[t:decal,n:*]
	{
		decal_orientation = 0.000000,-1.000000,0.000000,0.000000,0.000000,-1.000000,1.000000,0.000000,0.000000;
		decal_origin = -3.405101,0.481003,-1.859875,0x8C417DF6;
	  f far_plane = 1.100000;
	  x guid = 0x31CE6A86;
	  f horizontal_meters = 4.000000;
	  f lod = 1.000000;
	  f near_plane = 0.100000;
		texture = art\bitmaps\decals\b_d_snow-a.%img%;
	  f vertical_meters = 4.000000;
	}
	[t:decal,n:*]
	{
		decal_orientation = 0.000000,-1.000000,0.000000,0.000000,0.000000,-1.000000,1.000000,0.000000,0.000000;
		decal_origin = -1.633676,1.000000,-1.465158,0x8C417DF6;
	  f far_plane = 1.100000;
	  x guid = 0xF35E91F9;
	  f horizontal_meters = 4.000000;
	  f lod = 1.000000;
	  f near_plane = 0.100000;
		texture = art\bitmaps\decals\b_d_snow-a.%img%;
	  f vertical_meters = 4.000000;
	}
	[t:decal,n:*]
	{
		decal_orientation = 0.000000,-1.000000,0.000000,0.000000,0.000000,-1.000000,1.000000,0.000000,0.000000;
		decal_origin = -0.866078,1.000000,-1.550923,0x8DC8BD0A;
	  f far_plane = 1.100000;
	  x guid = 0x76D153B7;
	  f horizontal_meters = 1.000000;
	  f lod = 1.000000;
	  f near_plane = 0.100000;
		texture = art\bitmaps\decals\b_d_scorch.%img%;
	  f vertical_meters = 1.000000;
	}
	[t:decal,n:*]
	{
		decal_orientation = 0.000000,-1.000000,0.000000,0.000000,0.000000,-1.000000,1.000000,0.000000,0.000000;
		decal_origin = -2.646393,0.999999,1.233467,0x62427321;
	  f far_plane = 1.100000;
	  x guid = 0x5330FCC8;
	  f horizontal_meters = 4.000000;
	  f lod = 1.000000;
	  f near_plane = 0.100000;
		texture = art\bitmaps\decals\b_d_snow-a.%img%;
	  f vertical_meters = 4.000000;
	}
	[t:decal,n:*]
	{
		decal_orientation = 0.000000,-1.000000,0.000000,0.000000,0.000000,-1.000000,1.000000,0.000000,0.000000;
		decal_origin = -1.122872,1.000000,1.943505,0x62427321;
	  f far_plane = 1.100000;
	  x guid = 0x1660497D;
	  f horizontal_meters = 4.000000;
	  f lod = 1.000000;
	  f near_plane = 0.100000;
		texture = art\bitmaps\decals\b_d_snow-a.%img%;
	  f vertical_meters = 4.000000;
	}
	[t:decal,n:*]
	{
		decal_orientation = 0.500000,-0.866025,0.000000,0.000000,0.000000,-1.000000,0.866025,0.500001,0.000000;
		decal_origin = -2.065094,4.332605,2.021183,0xE0488034;
	  f far_plane = 8.000000;
	  x guid = 0xA3F7D2F1;
	  f horizontal_meters = 7.272728;
	  f lod = 1.000000;
	  f near_plane = 0.100000;
		texture = art\bitmaps\decals\b_d_scorch.%img%;
	  f vertical_meters = 7.272728;
	}
	[t:decal,n:*]
	{
		decal_orientation = 0.000000,-1.000000,0.000000,0.000000,0.000000,-1.000000,1.000000,0.000000,0.000000;
		decal_origin = -0.293831,1.000001,1.723877,0x50EBD564;
	  f far_plane = 1.100000;
	  x guid = 0x361D1953;
	  f horizontal_meters = 1.000000;
	  f lod = 1.000000;
	  f near_plane = 0.100000;
		texture = art\bitmaps\decals\b_d_scorch.%img%;
	  f vertical_meters = 1.000000;
	}
	[t:decal,n:*]
	{
		decal_orientation = 0.000000,-1.000000,0.000000,0.000000,0.000000,-1.000000,1.000000,0.000000,0.000000;
		decal_origin = 0.124420,1.000000,-1.400482,0x5862778B;
	  f far_plane = 1.100000;
	  x guid = 0x94A93CCE;
	  f horizontal_meters = 1.000000;
	  f lod = 1.000000;
	  f near_plane = 0.100000;
		texture = art\bitmaps\decals\b_d_scorch.%img%;
	  f vertical_meters = 1.000000;
	}
	[t:decal,n:*]
	{
		decal_orientation = 0.000000,-1.000000,0.000000,0.000000,0.000000,-1.000000,1.000000,0.000000,0.000000;
		decal_origin = 10.244255,-5.000000,3.643562,0xC690807A;
	  f far_plane = 1.100000;
	  x guid = 0x4460898C;
	  f horizontal_meters = 1.000000;
	  f lod = 1.000000;
	  f near_plane = 0.100000;
		texture = art\bitmaps\decals\b_d_scorch.%img%;
	  f vertical_meters = 1.000000;
	}
	[t:decal,n:*]
	{
		decal_orientation = 0.000000,-1.000000,0.000000,0.000000,0.000000,-1.000000,1.000000,0.000000,0.000000;
		decal_origin = -3.434541,1.000000,3.988411,0x6C045CAF;
	  f far_plane = 1.100000;
	  x guid = 0x60006AAF;
	  f horizontal_meters = 4.000000;
	  f lod = 1.000000;
	  f near_plane = 0.100000;
		texture = art\bitmaps\decals\b_d_snow-a.%img%;
	  f vertical_meters = 4.000000;
	}
	[t:decal,n:*]
	{
		decal_orientation = 0.000000,-1.000000,0.000000,0.000000,0.000000,-1.000000,1.000000,0.000000,0.000000;
		decal_origin = 1.902760,1.000000,3.863926,0x6C045CAF;
	  f far_plane = 1.100000;
	  x guid = 0x1642CA8F;
	  f horizontal_meters = 1.000000;
	  f lod = 1.000000;
	  f near_plane = 0.100000;
		texture = art\bitmaps\decals\b_d_scorch.%img%;
	  f vertical_meters = 1.000000;
	}
	[t:decal,n:*]
	{
		decal_orientation = 1.000000,0.000000,0.000000,0.000000,0.175791,-0.984428,0.000000,0.984428,0.175791;
		decal_origin = -5.041261,-4.121072,-11.926582,0x98CC870A;
	  f far_plane = 1.100000;
	  x guid = 0x0F091074;
	  f horizontal_meters = 4.000000;
	  f lod = 1.000000;
	  f near_plane = 0.100000;
		texture = art\bitmaps\decals\b_d_snow-a.%img%;
	  f vertical_meters = 4.000000;
	}
	[t:decal,n:*]
	{
		decal_orientation = 0.000000,-1.000000,0.000000,0.000000,0.000000,-1.000000,1.000000,0.000000,0.000000;
		decal_origin = -7.138615,-4.150000,-11.866028,0x98CC870A;
	  f far_plane = 1.100000;
	  x guid = 0x58ACBF58;
	  f horizontal_meters = 4.000000;
	  f lod = 1.000000;
	  f near_plane = 0.100000;
		texture = art\bitmaps\decals\b_d_snow-a.%img%;
	  f vertical_meters = 4.000000;
	}
	[t:decal,n:*]
	{
		decal_orientation = 0.000000,-1.000000,0.000000,0.000000,0.000000,-1.000000,1.000000,0.000000,0.000000;
		decal_origin = -0.793933,16.950001,1.997751,0xBC728D4D;
	  f far_plane = 1.100000;
	  x guid = 0xA6733F75;
	  f horizontal_meters = 4.000000;
	  f lod = 1.000000;
	  f near_plane = 0.100000;
		texture = art\bitmaps\decals\b_d_snow-a.%img%;
	  f vertical_meters = 4.000000;
	}
	[t:decal,n:*]
	{
		decal_orientation = 0.000000,-1.000000,0.000000,0.000000,0.000000,-1.000000,1.000000,0.000000,0.000000;
		decal_origin = -3.464818,1.000000,1.806439,0x1DC77BFC;
	  f far_plane = 1.100000;
	  x guid = 0xC69BD9BE;
	  f horizontal_meters = 4.000000;
	  f lod = 1.000000;
	  f near_plane = 0.100000;
		texture = art\bitmaps\decals\b_d_snow-a.%img%;
	  f vertical_meters = 4.000000;
	}
	[t:decal,n:*]
	{
		decal_orientation = 0.000000,-1.000000,0.000000,0.000000,0.000000,-1.000000,1.000000,0.000000,0.000000;
		decal_origin = -1.480076,1.000000,1.695475,0x1DC77BFC;
	  f far_plane = 1.100000;
	  x guid = 0x0A7EFB45;
	  f horizontal_meters = 4.000000;
	  f lod = 1.000000;
	  f near_plane = 0.100000;
		texture = art\bitmaps\decals\b_d_snow-a.%img%;
	  f vertical_meters = 4.000000;
	}
	[t:decal,n:*]
	{
		decal_orientation = -1.000000,0.000000,0.000000,0.000000,0.000000,-1.000000,0.000000,-1.000000,0.000000;
		decal_origin = -1.692980,13.000002,0.575195,0xCEDCEBC8;
	  f far_plane = 1.100000;
	  x guid = 0x191F375B;
	  f horizontal_meters = 1.000000;
	  f lod = 1.000000;
	  f near_plane = 0.100000;
		texture = art\bitmaps\decals\b_d_scorch.%img%;
	  f vertical_meters = 1.000000;
	}
	[t:decal,n:*]
	{
		decal_orientation = 0.000000,1.000000,0.000000,0.000000,0.000000,-1.000000,-1.000000,0.000000,0.000000;
		decal_origin = 1.806900,1.000001,1.290688,0x0E70E4E3;
	  f far_plane = 1.100000;
	  x guid = 0x8348B573;
	  f horizontal_meters = 1.000000;
	  f lod = 1.000000;
	  f near_plane = 0.100000;
		texture = art\bitmaps\decals\b_d_scorch.%img%;
	  f vertical_meters = 1.000000;
	}
	[t:decal,n:*]
	{
		decal_orientation = 0.000000,-1.000000,0.000000,0.000000,0.000000,-1.000000,1.000000,0.000000,0.000000;
		decal_origin = -3.636597,0.999997,-0.831886,0x238CD0F5;
	  f far_plane = 1.100000;
	  x guid = 0xC6232003;
	  f horizontal_meters = 1.000000;
	  f lod = 1.000000;
	  f near_plane = 0.100000;
		texture = art\bitmaps\decals\b_d_scorch.%img%;
	  f vertical_meters = 1.000000;
	}
	[t:decal,n:*]
	{
		decal_orientation = 1.000000,0.000000,0.000000,0.000000,0.000000,-1.000000,0.000000,1.000000,0.000000;
		decal_origin = 0.931675,1.000000,-0.286179,0xA2735CAA;
	  f far_plane = 1.100000;
	  x guid = 0x3C3EBCD9;
	  f horizontal_meters = 1.000000;
	  f lod = 1.000000;
	  f near_plane = 0.100000;
		texture = art\bitmaps\decals\b_d_scorch.%img%;
	  f vertical_meters = 1.000000;
	}
	[t:decal,n:*]
	{
		decal_orientation = 0.000000,-1.000000,0.000000,0.000000,0.000000,-1.000000,1.000000,0.000000,0.000000;
		decal_origin = 3.441273,0.350000,-3.321243,0xB8FBF13D;
	  f far_plane = 1.100000;
	  x guid = 0xD5D78AE0;
	  f horizontal_meters = 1.000000;
	  f lod = 1.000000;
	  f near_plane = 0.100000;
		texture = art\bitmaps\decals\b_d_scorch.%img%;
	  f vertical_meters = 1.000000;
	}
	[t:decal,n:*]
	{
		decal_orientation = 0.000000,-1.000000,0.000000,0.000000,0.000000,-1.000000,1.000000,0.000000,0.000000;
		decal_origin = 1.189991,1.000000,1.914368,0xE4E9AA6C;
	  f far_plane = 1.100000;
	  x guid = 0x5F843C9F;
	  f horizontal_meters = 1.000000;
	  f lod = 1.000000;
	  f near_plane = 0.100000;
		texture = art\bitmaps\decals\b_d_scorch.%img%;
	  f vertical_meters = 1.000000;
	}
	[t:decal,n:*]
	{
		decal_orientation = 0.000000,-1.000000,0.000000,0.000000,0.000000,-1.000000,1.000000,0.000000,0.000000;
		decal_origin = 2.717422,1.000000,-1.099358,0xAE913746;
	  f far_plane = 1.100000;
	  x guid = 0x2DB400A3;
	  f horizontal_meters = 1.000000;
	  f lod = 1.000000;
	  f near_plane = 0.100000;
		texture = art\bitmaps\decals\b_d_scorch.%img%;
	  f vertical_meters = 1.000000;
	}
	[t:decal,n:*]
	{
		decal_orientation = 0.000000,-1.000000,0.000000,0.000000,0.000000,-1.000000,1.000000,0.000000,0.000000;
		decal_origin = 2.546110,0.999999,-0.263130,0xCCF75177;
	  f far_plane = 1.100000;
	  x guid = 0x4000B3D7;
	  f horizontal_meters = 1.000000;
	  f lod = 1.000000;
	  f near_plane = 0.100000;
		texture = art\bitmaps\decals\b_d_scorch.%img%;
	  f vertical_meters = 1.000000;
	}
	[t:decal,n:*]
	{
		decal_orientation = 0.000000,-1.000000,0.000000,0.000000,0.000000,-1.000000,1.000000,0.000000,0.000000;
		decal_origin = -3.067173,1.000000,1.199421,0x9413013F;
	  f far_plane = 1.100000;
	  x guid = 0x3BAC1E1E;
	  f horizontal_meters = 1.000000;
	  f lod = 1.000000;
	  f near_plane = 0.100000;
		texture = art\bitmaps\decals\b_d_scorch.%img%;
	  f vertical_meters = 1.000000;
	}
	[t:decal,n:*]
	{
		decal_orientation = 0.000000,-1.000000,0.000000,0.000000,0.000000,-1.000000,1.000000,0.000000,0.000000;
		decal_origin = -0.084684,1.000000,0.170218,0xB50DDE69;
	  f far_plane = 1.100000;
	  x guid = 0x6B3AA3C5;
	  f horizontal_meters = 1.000000;
	  f lod = 1.000000;
	  f near_plane = 0.100000;
		texture = art\bitmaps\decals\b_d_scorch.%img%;
	  f vertical_meters = 1.000000;
	}
	[t:decal,n:*]
	{
		decal_orientation = -0.948683,0.312348,0.049386,0.000000,0.156174,-0.987730,-0.316228,-0.937043,-0.148159;
		decal_origin = 0.434563,0.942142,0.099110,0x785EE998;
	  f far_plane = 1.100000;
	  x guid = 0xA6BA85A9;
	  f horizontal_meters = 1.000000;
	  f lod = 1.000000;
	  f near_plane = 0.100000;
		texture = art\bitmaps\decals\b_d_scorch.%img%;
	  f vertical_meters = 1.000000;
	}
	[t:decal,n:*]
	{
		decal_orientation = 0.000000,-1.000000,0.000000,0.000000,0.000000,-1.000000,1.000000,0.000000,0.000000;
		decal_origin = -0.862111,1.000000,3.235088,0xD92831DC;
	  f far_plane = 1.100000;
	  x guid = 0x8689DB0E;
	  f horizontal_meters = 4.000000;
	  f lod = 1.000000;
	  f near_plane = 0.100000;
		texture = art\bitmaps\decals\b_d_snow-a.%img%;
	  f vertical_meters = 4.000000;
	}
	[t:decal,n:*]
	{
		decal_orientation = 0.000000,-1.000000,0.000000,0.000000,0.000000,-1.000000,1.000000,0.000000,0.000000;
		decal_origin = -2.747582,1.000001,3.229469,0xD92831DC;
	  f far_plane = 1.100000;
	  x guid = 0x2F45982A;
	  f horizontal_meters = 4.000000;
	  f lod = 1.000000;
	  f near_plane = 0.100000;
		texture = art\bitmaps\decals\b_d_snow-a.%img%;
	  f vertical_meters = 4.000000;
	}
	[t:decal,n:*]
	{
		decal_orientation = 0.000000,-1.000000,0.000000,0.000000,0.000000,-1.000000,1.000000,0.000000,0.000000;
		decal_origin = 3.870511,1.000000,2.455221,0xD92831DC;
	  f far_plane = 1.100000;
	  x guid = 0x2A2F1509;
	  f horizontal_meters = 4.000000;
	  f lod = 1.000000;
	  f near_plane = 0.100000;
		texture = art\bitmaps\decals\b_d_snow-a.%img%;
	  f vertical_meters = 4.000000;
	}
	[t:decal,n:*]
	{
		decal_orientation = 0.000000,-1.000000,0.000000,0.000000,0.000000,-1.000000,1.000000,0.000000,0.000000;
		decal_origin = 3.610213,1.000000,0.740451,0xD92831DC;
	  f far_plane = 1.100000;
	  x guid = 0x8997C3E0;
	  f horizontal_meters = 4.000000;
	  f lod = 1.000000;
	  f near_plane = 0.100000;
		texture = art\bitmaps\decals\b_d_snow-a.%img%;
	  f vertical_meters = 4.000000;
	}
	[t:decal,n:*]
	{
		decal_orientation = 0.000000,-1.000000,0.000000,0.000000,0.000000,-1.000000,1.000000,0.000000,0.000000;
		decal_origin = 3.122151,1.000000,3.395409,0xD92831DC;
	  f far_plane = 1.100000;
	  x guid = 0x0175917F;
	  f horizontal_meters = 1.000000;
	  f lod = 1.000000;
	  f near_plane = 0.100000;
		texture = art\bitmaps\decals\b_d_scorch.%img%;
	  f vertical_meters = 1.000000;
	}
	[t:decal,n:*]
	{
		decal_orientation = 0.000000,-1.000000,0.000000,0.000000,0.000000,-1.000000,1.000000,0.000000,0.000000;
		decal_origin = -3.997624,-5.000001,-2.563482,0x3E77F432;
	  f far_plane = 1.100000;
	  x guid = 0xEE53350C;
	  f horizontal_meters = 1.000000;
	  f lod = 1.000000;
	  f near_plane = 0.100000;
		texture = art\bitmaps\decals\b_d_scorch.%img%;
	  f vertical_meters = 1.000000;
	}
	[t:decal,n:*]
	{
		decal_orientation = 0.000000,-1.000000,0.000000,0.000000,0.000000,-1.000000,1.000000,0.000000,0.000000;
		decal_origin = 4.493904,-5.000000,-2.397417,0x3E77F432;
	  f far_plane = 1.100000;
	  x guid = 0xD2C13E29;
	  f horizontal_meters = 1.000000;
	  f lod = 1.000000;
	  f near_plane = 0.100000;
		texture = art\bitmaps\decals\b_d_scorch.%img%;
	  f vertical_meters = 1.000000;
	}
	[t:decal,n:*]
	{
		decal_orientation = 0.000000,1.000000,0.000000,0.000000,0.000000,-1.000000,-1.000000,0.000000,0.000000;
		decal_origin = -0.927273,1.000000,-1.930333,0x56F354EE;
	  f far_plane = 1.100000;
	  x guid = 0xAF1A1AC1;
	  f horizontal_meters = 1.000000;
	  f lod = 1.000000;
	  f near_plane = 0.100000;
		texture = art\bitmaps\decals\b_d_scorch.%img%;
	  f vertical_meters = 1.000000;
	}
	[t:decal,n:*]
	{
		decal_orientation = 0.000000,-1.000000,0.000000,0.000000,0.000000,-1.000000,1.000000,0.000000,0.000000;
		decal_origin = -3.275904,0.600001,-0.233456,0x5309C4EE;
	  f far_plane = 1.100000;
	  x guid = 0xE6B22B93;
	  f horizontal_meters = 1.000000;
	  f lod = 1.000000;
	  f near_plane = 0.100000;
		texture = art\bitmaps\decals\b_d_scorch.%img%;
	  f vertical_meters = 1.000000;
	}
	[t:decal,n:*]
	{
		decal_orientation = 0.000000,-1.000000,0.000000,0.000000,0.000000,-1.000000,1.000000,0.000000,0.000000;
		decal_origin = 3.877121,1.000000,1.019810,0x859C2C61;
	  f far_plane = 1.100000;
	  x guid = 0x95026DD0;
	  f horizontal_meters = 1.000000;
	  f lod = 1.000000;
	  f near_plane = 0.100000;
		texture = art\bitmaps\decals\b_d_scorch.%img%;
	  f vertical_meters = 1.000000;
	}
	[t:decal,n:*]
	{
		decal_orientation = -0.921669,-0.387977,0.000000,0.000000,0.000000,-1.000000,0.387977,-0.921669,0.000000;
		decal_origin = -0.649361,1.000000,-1.021025,0x0099451D;
	  f far_plane = 1.100000;
	  x guid = 0x00000000;
	  f horizontal_meters = 4.000000;
	  f lod = 1.000000;
	  f near_plane = 0.100000;
		texture = art\bitmaps\decals\b_d_sn02-path.raw;
	  f vertical_meters = 4.000000;
	}
	[t:decal,n:*]
	{
		decal_orientation = -0.997914,0.064559,0.000000,0.000000,0.000000,-1.000000,-0.064559,-0.997914,0.000000;
		decal_origin = -0.228223,1.000000,1.268224,0x0099451D;
	  f far_plane = 1.100000;
	  x guid = 0x00000000;
	  f horizontal_meters = 4.000000;
	  f lod = 1.000000;
	  f near_plane = 0.100000;
		texture = art\bitmaps\decals\b_d_sn02-path.raw;
	  f vertical_meters = 4.000000;
	}
	[t:decal,n:*]
	{
		decal_orientation = -0.394270,0.918995,0.000000,0.000000,0.000000,-1.000000,-0.918995,-0.394270,0.000000;
		decal_origin = -0.221773,1.000000,-0.335635,0x0EE099D9;
	  f far_plane = 1.100000;
	  x guid = 0x00000000;
	  f horizontal_meters = 4.000000;
	  f lod = 1.000000;
	  f near_plane = 0.100000;
		texture = art\bitmaps\decals\b_d_sn02-path.raw;
	  f vertical_meters = 4.000000;
	}
	[t:decal,n:*]
	{
		decal_orientation = -0.989667,0.143387,0.000000,0.000000,0.000000,-1.000000,-0.143387,-0.989667,0.000000;
		decal_origin = -0.306942,1.000000,-0.335297,0x1BCCF2C5;
	  f far_plane = 1.100000;
	  x guid = 0x00000000;
	  f horizontal_meters = 4.000000;
	  f lod = 1.000000;
	  f near_plane = 0.100000;
		texture = art\bitmaps\decals\b_d_nt-path.raw;
	  f vertical_meters = 4.000000;
	}
	[t:decal,n:*]
	{
		decal_orientation = 0.892724,0.450604,0.000000,0.000000,0.000000,-1.000000,-0.450604,0.892724,0.000000;
		decal_origin = 0.510538,1.000000,0.731818,0x1C232D48;
	  f far_plane = 1.100000;
	  x guid = 0x00000000;
	  f horizontal_meters = 4.000000;
	  f lod = 1.000000;
	  f near_plane = 0.100000;
		texture = art\bitmaps\decals\b_d_sn02-path.raw;
	  f vertical_meters = 4.000000;
	}
	[t:decal,n:*]
	{
		decal_orientation = 0.218271,0.975888,0.000000,0.000000,0.000000,-1.000000,-0.975888,0.218271,0.000000;
		decal_origin = 0.838995,1.000000,0.024980,0x293B5204;
	  f far_plane = 1.100000;
	  x guid = 0x00000000;
	  f horizontal_meters = 4.000000;
	  f lod = 1.000000;
	  f near_plane = 0.100000;
		texture = art\bitmaps\decals\b_d_sn02-path.raw;
	  f vertical_meters = 4.000000;
	}
	[t:decal,n:*]
	{
		decal_orientation = -0.244274,0.969706,0.000000,0.000000,0.000000,-1.000000,-0.969706,-0.244274,0.000000;
		decal_origin = -0.857158,1.000000,-1.485141,0x320939C8;
	  f far_plane = 1.100000;
	  x guid = 0x00000000;
	  f horizontal_meters = 4.000000;
	  f lod = 1.000000;
	  f near_plane = 0.100000;
		texture = art\bitmaps\decals\b_d_sn02-path.raw;
	  f vertical_meters = 4.000000;
	}
	[t:decal,n:*]
	{
		decal_orientation = -0.423356,0.905963,0.000000,0.000000,0.000000,-1.000000,-0.905963,-0.423356,0.000000;
		decal_origin = -1.854173,1.000000,0.728286,0x320939C8;
	  f far_plane = 1.100000;
	  x guid = 0x00000000;
	  f horizontal_meters = 4.000000;
	  f lod = 1.000000;
	  f near_plane = 0.100000;
		texture = art\bitmaps\decals\b_d_sn02-path.raw;
	  f vertical_meters = 4.000000;
	}
	[t:decal,n:*]
	{
		decal_orientation = 0.849252,-0.527987,0.000000,0.000000,0.000000,-1.000000,0.527987,0.849252,0.000000;
		decal_origin = 0.314925,1.000000,-1.431142,0x320939C8;
	  f far_plane = 1.100000;
	  x guid = 0x00000000;
	  f horizontal_meters = 4.000000;
	  f lod = 1.000000;
	  f near_plane = 0.100000;
		texture = art\bitmaps\decals\b_d_sn02-path.raw;
	  f vertical_meters = 4.000000;
	}
	[t:decal,n:*]
	{
		decal_orientation = 0.381182,0.924500,0.000000,0.000000,0.000000,-1.000000,-0.924500,0.381182,0.000000;
		decal_origin = 1.985822,1.000000,0.959267,0x354EB44E;
	  f far_plane = 1.100000;
	  x guid = 0x00000000;
	  f horizontal_meters = 4.000000;
	  f lod = 1.000000;
	  f near_plane = 0.100000;
		texture = art\bitmaps\decals\b_d_sn02-path.raw;
	  f vertical_meters = 4.000000;
	}
	[t:decal,n:*]
	{
		decal_orientation = -0.562740,-0.826634,0.000000,0.000000,0.000000,-1.000000,0.826634,-0.562740,0.000000;
		decal_origin = 1.001195,1.000000,1.525792,0x354EB44E;
	  f far_plane = 1.100000;
	  x guid = 0x00000000;
	  f horizontal_meters = 4.000000;
	  f lod = 1.000000;
	  f near_plane = 0.100000;
		texture = art\bitmaps\decals\b_d_sn02-path.raw;
	  f vertical_meters = 4.000000;
	}
	[t:decal,n:*]
	{
		decal_orientation = -0.824156,-0.566363,0.000000,0.000000,0.000000,-1.000000,0.566363,-0.824156,0.000000;
		decal_origin = 1.000188,1.000000,1.366106,0x354EB44E;
	  f far_plane = 1.100000;
	  x guid = 0x00000000;
	  f horizontal_meters = 4.000000;
	  f lod = 1.000000;
	  f near_plane = 0.100000;
		texture = art\bitmaps\decals\b_d_sn02-path.raw;
	  f vertical_meters = 4.000000;
	}
	[t:decal,n:*]
	{
		decal_orientation = -0.188203,-0.982130,0.000000,0.000000,0.000000,-1.000000,0.982130,-0.188203,0.000000;
		decal_origin = -0.708397,1.000000,-1.054338,0x354EB44E;
	  f far_plane = 1.100000;
	  x guid = 0x00000000;
	  f horizontal_meters = 4.000000;
	  f lod = 1.000000;
	  f near_plane = 0.100000;
		texture = art\bitmaps\decals\b_d_sn02-path.raw;
	  f vertical_meters = 4.000000;
	}
	[t:decal,n:*]
	{
		decal_orientation = -0.720770,0.693174,0.000000,0.000000,0.000000,-1.000000,-0.693174,-0.720770,0.000000;
		decal_origin = 1.695411,1.000000,0.659541,0x3564B43C;
	  f far_plane = 1.100000;
	  x guid = 0x00000000;
	  f horizontal_meters = 4.000000;
	  f lod = 1.000000;
	  f near_plane = 0.100000;
		texture = art\bitmaps\decals\b_d_sn02-path.raw;
	  f vertical_meters = 4.000000;
	}
	[t:decal,n:*]
	{
		decal_orientation = -0.384393,-0.923169,0.000000,0.000000,0.000000,-1.000000,0.923169,-0.384393,0.000000;
		decal_origin = 1.023617,1.000000,-0.545696,0x36EF4C4C;
	  f far_plane = 1.100000;
	  x guid = 0x00000000;
	  f horizontal_meters = 4.000000;
	  f lod = 1.000000;
	  f near_plane = 0.100000;
		texture = art\bitmaps\decals\b_d_nt-path.raw;
	  f vertical_meters = 4.000000;
	}
	[t:decal,n:*]
	{
		decal_orientation = 0.484832,0.874607,0.000000,0.000000,0.000000,-1.000000,-0.874607,0.484832,0.000000;
		decal_origin = 1.248765,1.000000,0.791317,0x393C03BE;
	  f far_plane = 1.100000;
	  x guid = 0x00000000;
	  f horizontal_meters = 4.000000;
	  f lod = 1.000000;
	  f near_plane = 0.100000;
		texture = art\bitmaps\decals\b_d_nt-path.raw;
	  f vertical_meters = 4.000000;
	}
	[t:decal,n:*]
	{
		decal_orientation = 0.944743,0.327811,0.000000,0.000000,0.000000,-1.000000,-0.327811,0.944743,0.000000;
		decal_origin = 0.483901,1.000000,0.230035,0x3DF33F6E;
	  f far_plane = 1.100000;
	  x guid = 0x00000000;
	  f horizontal_meters = 4.000000;
	  f lod = 1.000000;
	  f near_plane = 0.100000;
		texture = art\bitmaps\decals\b_d_sn02-path.raw;
	  f vertical_meters = 4.000000;
	}
	[t:decal,n:*]
	{
		decal_orientation = 0.175488,-0.984482,0.000000,0.000000,0.000000,-1.000000,0.984482,0.175488,0.000000;
		decal_origin = -0.727690,1.000000,1.607739,0x4294D38E;
	  f far_plane = 1.100000;
	  x guid = 0x00000000;
	  f horizontal_meters = 4.000000;
	  f lod = 1.000000;
	  f near_plane = 0.100000;
		texture = art\bitmaps\decals\b_d_sn02-path.raw;
	  f vertical_meters = 4.000000;
	}
	[t:decal,n:*]
	{
		decal_orientation = -0.998729,-0.050403,0.000000,0.000000,0.000000,-1.000000,0.050403,-0.998729,0.000000;
		decal_origin = 1.053678,1.000000,-0.580255,0x42BC523C;
	  f far_plane = 1.100000;
	  x guid = 0x00000000;
	  f horizontal_meters = 4.000000;
	  f lod = 1.000000;
	  f near_plane = 0.100000;
		texture = art\bitmaps\decals\b_d_nt-path.raw;
	  f vertical_meters = 4.000000;
	}
	[t:decal,n:*]
	{
		decal_orientation = -0.991390,0.130940,0.000000,0.000000,0.000000,-1.000000,-0.130940,-0.991390,0.000000;
		decal_origin = -1.210526,1.000000,1.431156,0x42CA71AE;
	  f far_plane = 1.100000;
	  x guid = 0x00000000;
	  f horizontal_meters = 4.000000;
	  f lod = 1.000000;
	  f near_plane = 0.100000;
		texture = art\bitmaps\decals\b_d_sn02-path.raw;
	  f vertical_meters = 4.000000;
	}
	[t:decal,n:*]
	{
		decal_orientation = 0.719431,0.694564,0.000000,0.000000,0.000000,-1.000000,-0.694564,0.719431,0.000000;
		decal_origin = -1.631872,1.000000,-0.732714,0x447B2168;
	  f far_plane = 1.100000;
	  x guid = 0x00000000;
	  f horizontal_meters = 4.000000;
	  f lod = 1.000000;
	  f near_plane = 0.100000;
		texture = art\bitmaps\decals\b_d_sn02-path.raw;
	  f vertical_meters = 4.000000;
	}
	[t:decal,n:*]
	{
		decal_orientation = -0.905588,-0.424159,0.000000,0.000000,0.000000,-1.000000,0.424159,-0.905588,0.000000;
		decal_origin = 0.443382,1.000000,-0.511248,0x447B2168;
	  f far_plane = 1.100000;
	  x guid = 0x00000000;
	  f horizontal_meters = 4.000000;
	  f lod = 1.000000;
	  f near_plane = 0.100000;
		texture = art\bitmaps\decals\b_d_sn02-path.raw;
	  f vertical_meters = 4.000000;
	}
	[t:decal,n:*]
	{
		decal_orientation = -0.883166,0.469060,0.000000,0.000000,0.000000,-1.000000,-0.469060,-0.883166,0.000000;
		decal_origin = 0.876724,1.000000,-0.309101,0x4E044712;
	  f far_plane = 1.100000;
	  x guid = 0x00000000;
	  f horizontal_meters = 4.000000;
	  f lod = 1.000000;
	  f near_plane = 0.100000;
		texture = art\bitmaps\decals\b_d_sn02-path.raw;
	  f vertical_meters = 4.000000;
	}
	[t:decal,n:*]
	{
		decal_orientation = -0.139776,-0.990183,0.000000,0.000000,0.000000,-1.000000,0.990183,-0.139776,0.000000;
		decal_origin = 1.460060,1.000000,-1.629774,0x50ADB91D;
	  f far_plane = 1.100000;
	  x guid = 0x00000000;
	  f horizontal_meters = 4.000000;
	  f lod = 1.000000;
	  f near_plane = 0.100000;
		texture = art\bitmaps\decals\b_d_sn02-path.raw;
	  f vertical_meters = 4.000000;
	}
	[t:decal,n:*]
	{
		decal_orientation = 0.751343,-0.659912,0.000000,0.000000,0.000000,-1.000000,0.659912,0.751343,0.000000;
		decal_origin = 0.559572,1.000000,-0.296537,0x5309C4EE;
	  f far_plane = 1.100000;
	  x guid = 0x00000000;
	  f horizontal_meters = 4.000000;
	  f lod = 1.000000;
	  f near_plane = 0.100000;
		texture = art\bitmaps\decals\b_d_sn02-path.raw;
	  f vertical_meters = 4.000000;
	}
	[t:decal,n:*]
	{
		decal_orientation = -0.835351,-0.549716,0.000000,0.000000,0.000000,-1.000000,0.549716,-0.835351,0.000000;
		decal_origin = -1.650273,1.000000,1.307514,0x5309C4EE;
	  f far_plane = 1.100000;
	  x guid = 0x00000000;
	  f horizontal_meters = 4.000000;
	  f lod = 1.000000;
	  f near_plane = 0.100000;
		texture = art\bitmaps\decals\b_d_sn02-path.raw;
	  f vertical_meters = 4.000000;
	}
	[t:decal,n:*]
	{
		decal_orientation = -0.011345,-0.999936,0.000000,0.000000,0.000000,-1.000000,0.999936,-0.011345,0.000000;
		decal_origin = 1.808896,1.000000,-0.941900,0x53E6C2D4;
	  f far_plane = 1.100000;
	  x guid = 0x00000000;
	  f horizontal_meters = 4.000000;
	  f lod = 1.000000;
	  f near_plane = 0.100000;
		texture = art\bitmaps\decals\b_d_sn02-path.raw;
	  f vertical_meters = 4.000000;
	}
	[t:decal,n:*]
	{
		decal_orientation = 0.315658,-0.948873,0.000000,0.000000,0.000000,-1.000000,0.948873,0.315658,0.000000;
		decal_origin = -1.051434,1.000000,-1.770893,0x5862778B;
	  f far_plane = 1.100000;
	  x guid = 0x00000000;
	  f horizontal_meters = 4.000000;
	  f lod = 1.000000;
	  f near_plane = 0.100000;
		texture = art\bitmaps\decals\b_d_sn02-path.raw;
	  f vertical_meters = 4.000000;
	}
	[t:decal,n:*]
	{
		decal_orientation = 0.907839,-0.419319,0.000000,0.000000,0.000000,-1.000000,0.419319,0.907839,0.000000;
		decal_origin = -1.887067,1.000000,-0.409820,0x5A7DB413;
	  f far_plane = 1.100000;
	  x guid = 0x00000000;
	  f horizontal_meters = 4.000000;
	  f lod = 1.000000;
	  f near_plane = 0.100000;
		texture = art\bitmaps\decals\b_d_nt-path.raw;
	  f vertical_meters = 4.000000;
	}
	[t:decal,n:*]
	{
		decal_orientation = -0.639728,0.768601,0.000000,0.000000,0.000000,-1.000000,-0.768601,-0.639728,0.000000;
		decal_origin = -0.597389,1.000000,-1.573213,0x5C457FA5;
	  f far_plane = 1.100000;
	  x guid = 0x00000000;
	  f horizontal_meters = 4.000000;
	  f lod = 1.000000;
	  f near_plane = 0.100000;
		texture = art\bitmaps\decals\b_d_sn02-path.raw;
	  f vertical_meters = 4.000000;
	}
	[t:decal,n:*]
	{
		decal_orientation = 0.951924,0.306336,0.000000,0.000000,0.000000,-1.000000,-0.306336,0.951924,0.000000;
		decal_origin = -1.568496,1.000000,0.720708,0x5E3BD735;
	  f far_plane = 1.100000;
	  x guid = 0x00000000;
	  f horizontal_meters = 4.000000;
	  f lod = 1.000000;
	  f near_plane = 0.100000;
		texture = art\bitmaps\decals\b_d_sn02-path.raw;
	  f vertical_meters = 4.000000;
	}
	[t:decal,n:*]
	{
		decal_orientation = 0.730562,0.682846,0.000000,0.000000,0.000000,-1.000000,-0.682846,0.730562,0.000000;
		decal_origin = 0.652422,1.000000,-0.959474,0x602708AE;
	  f far_plane = 1.100000;
	  x guid = 0x00000000;
	  f horizontal_meters = 4.000000;
	  f lod = 1.000000;
	  f near_plane = 0.100000;
		texture = art\bitmaps\decals\b_d_sn02-path.raw;
	  f vertical_meters = 4.000000;
	}
	[t:decal,n:*]
	{
		decal_orientation = 0.134248,0.990948,0.000000,0.000000,0.000000,-1.000000,-0.990948,0.134248,0.000000;
		decal_origin = 1.035624,1.000000,-0.344309,0x6054F408;
	  f far_plane = 1.100000;
	  x guid = 0x00000000;
	  f horizontal_meters = 4.000000;
	  f lod = 1.000000;
	  f near_plane = 0.100000;
		texture = art\bitmaps\decals\b_d_nt-path.raw;
	  f vertical_meters = 4.000000;
	}
	[t:decal,n:*]
	{
		decal_orientation = -0.852303,-0.523048,0.000000,0.000000,0.000000,-1.000000,0.523048,-0.852303,0.000000;
		decal_origin = -1.435176,1.000000,1.835976,0x640EC1AB;
	  f far_plane = 1.100000;
	  x guid = 0x00000000;
	  f horizontal_meters = 4.000000;
	  f lod = 1.000000;
	  f near_plane = 0.100000;
		texture = art\bitmaps\decals\b_d_nt-path.raw;
	  f vertical_meters = 4.000000;
	}
	[t:decal,n:*]
	{
		decal_orientation = -0.679675,-0.733513,0.000000,0.000000,0.000000,-1.000000,0.733513,-0.679675,0.000000;
		decal_origin = 1.368330,1.000000,-0.606685,0x6D1F9F9E;
	  f far_plane = 1.100000;
	  x guid = 0x00000000;
	  f horizontal_meters = 4.000000;
	  f lod = 1.000000;
	  f near_plane = 0.100000;
		texture = art\bitmaps\decals\b_d_sn02-path.raw;
	  f vertical_meters = 4.000000;
	}
	[t:decal,n:*]
	{
		decal_orientation = -0.358653,-0.933471,0.000000,0.000000,0.000000,-1.000000,0.933471,-0.358653,0.000000;
		decal_origin = 0.523960,1.000000,1.970906,0x7EB407BA;
	  f far_plane = 1.100000;
	  x guid = 0x00000000;
	  f horizontal_meters = 4.000000;
	  f lod = 1.000000;
	  f near_plane = 0.100000;
		texture = art\bitmaps\decals\b_d_sn02-path.raw;
	  f vertical_meters = 4.000000;
	}
	[t:decal,n:*]
	{
		decal_orientation = -0.774755,-0.632262,0.000000,0.000000,0.000000,-1.000000,0.632262,-0.774755,0.000000;
		decal_origin = -0.748045,1.000000,1.727687,0x8050422A;
	  f far_plane = 1.100000;
	  x guid = 0x00000000;
	  f horizontal_meters = 4.000000;
	  f lod = 1.000000;
	  f near_plane = 0.100000;
		texture = art\bitmaps\decals\b_d_nt-path.raw;
	  f vertical_meters = 4.000000;
	}
	[t:decal,n:*]
	{
		decal_orientation = -0.988121,0.153675,0.000000,0.000000,0.000000,-1.000000,-0.153675,-0.988121,0.000000;
		decal_origin = -1.907545,1.000000,1.539375,0x819DFBAA;
	  f far_plane = 1.100000;
	  x guid = 0x00000000;
	  f horizontal_meters = 4.000000;
	  f lod = 1.000000;
	  f near_plane = 0.100000;
		texture = art\bitmaps\decals\b_d_sn02-path.raw;
	  f vertical_meters = 4.000000;
	}
	[t:decal,n:*]
	{
		decal_orientation = -0.917304,0.398187,0.000000,0.000000,0.000000,-1.000000,-0.398187,-0.917304,0.000000;
		decal_origin = -1.368939,1.000000,-1.887671,0x823A69F2;
	  f far_plane = 1.100000;
	  x guid = 0x00000000;
	  f horizontal_meters = 4.000000;
	  f lod = 1.000000;
	  f near_plane = 0.100000;
		texture = art\bitmaps\decals\b_d_nt-path.raw;
	  f vertical_meters = 4.000000;
	}
	[t:decal,n:*]
	{
		decal_orientation = 0.975569,0.219693,0.000000,0.000000,0.000000,-1.000000,-0.219693,0.975569,0.000000;
		decal_origin = -0.452308,1.000000,1.199808,0x8B3548CC;
	  f far_plane = 1.100000;
	  x guid = 0x00000000;
	  f horizontal_meters = 4.000000;
	  f lod = 1.000000;
	  f near_plane = 0.100000;
		texture = art\bitmaps\decals\b_d_nt-path.raw;
	  f vertical_meters = 4.000000;
	}
	[t:decal,n:*]
	{
		decal_orientation = -0.935420,0.353539,0.000000,0.000000,0.000000,-1.000000,-0.353539,-0.935420,0.000000;
		decal_origin = 0.061635,1.000000,1.201130,0x8B3548CC;
	  f far_plane = 1.100000;
	  x guid = 0x00000000;
	  f horizontal_meters = 4.000000;
	  f lod = 1.000000;
	  f near_plane = 0.100000;
		texture = art\bitmaps\decals\b_d_nt-path.raw;
	  f vertical_meters = 4.000000;
	}
	[t:decal,n:*]
	{
		decal_orientation = -0.528554,0.848900,0.000000,0.000000,0.000000,-1.000000,-0.848900,-0.528554,0.000000;
		decal_origin = 0.354068,1.000000,0.104572,0x8D0F784A;
	  f far_plane = 1.100000;
	  x guid = 0x00000000;
	  f horizontal_meters = 4.000000;
	  f lod = 1.000000;
	  f near_plane = 0.100000;
		texture = art\bitmaps\decals\b_d_nt-path.raw;
	  f vertical_meters = 4.000000;
	}
	[t:decal,n:*]
	{
		decal_orientation = -0.215575,-0.976487,0.000000,0.000000,0.000000,-1.000000,0.976487,-0.215575,0.000000;
		decal_origin = 1.940441,1.000000,-0.355858,0x8F0F0A75;
	  f far_plane = 1.100000;
	  x guid = 0x00000000;
	  f horizontal_meters = 4.000000;
	  f lod = 1.000000;
	  f near_plane = 0.100000;
		texture = art\bitmaps\decals\b_d_sn02-path.raw;
	  f vertical_meters = 4.000000;
	}
	[t:decal,n:*]
	{
		decal_orientation = 0.998432,0.055971,0.000000,0.000000,0.000000,-1.000000,-0.055971,0.998432,0.000000;
		decal_origin = -1.017094,1.000000,0.955879,0x8F0F0A75;
	  f far_plane = 1.100000;
	  x guid = 0x00000000;
	  f horizontal_meters = 4.000000;
	  f lod = 1.000000;
	  f near_plane = 0.100000;
		texture = art\bitmaps\decals\b_d_sn02-path.raw;
	  f vertical_meters = 4.000000;
	}
	[t:decal,n:*]
	{
		decal_orientation = 0.926454,-0.376407,0.000000,0.000000,0.000000,-1.000000,0.376407,0.926454,0.000000;
		decal_origin = -0.096712,1.000000,0.992815,0x8F0F0A75;
	  f far_plane = 1.100000;
	  x guid = 0x00000000;
	  f horizontal_meters = 4.000000;
	  f lod = 1.000000;
	  f near_plane = 0.100000;
		texture = art\bitmaps\decals\b_d_sn02-path.raw;
	  f vertical_meters = 4.000000;
	}
	[t:decal,n:*]
	{
		decal_orientation = 0.104977,0.994475,0.000000,0.000000,0.000000,-1.000000,-0.994475,0.104977,0.000000;
		decal_origin = -0.802584,1.000000,0.478194,0x8FE3AD4C;
	  f far_plane = 1.100000;
	  x guid = 0x00000000;
	  f horizontal_meters = 4.000000;
	  f lod = 1.000000;
	  f near_plane = 0.100000;
		texture = art\bitmaps\decals\b_d_nt-path.raw;
	  f vertical_meters = 4.000000;
	}
	[t:decal,n:*]
	{
		decal_orientation = -0.874291,0.485402,0.000000,0.000000,0.000000,-1.000000,-0.485402,-0.874291,0.000000;
		decal_origin = -0.993142,1.000000,0.220425,0x9128AAE5;
	  f far_plane = 1.100000;
	  x guid = 0x00000000;
	  f horizontal_meters = 4.000000;
	  f lod = 1.000000;
	  f near_plane = 0.100000;
		texture = art\bitmaps\decals\b_d_nt-path.raw;
	  f vertical_meters = 4.000000;
	}
	[t:decal,n:*]
	{
		decal_orientation = 0.885141,0.465322,0.000000,0.000000,0.000000,-1.000000,-0.465322,0.885141,0.000000;
		decal_origin = 0.374443,1.000000,1.832532,0x91E96896;
	  f far_plane = 1.100000;
	  x guid = 0x00000000;
	  f horizontal_meters = 4.000000;
	  f lod = 1.000000;
	  f near_plane = 0.100000;
		texture = art\bitmaps\decals\b_d_sn02-path.raw;
	  f vertical_meters = 4.000000;
	}
	[t:decal,n:*]
	{
		decal_orientation = -0.930101,-0.367304,0.000000,0.000000,0.000000,-1.000000,0.367304,-0.930101,0.000000;
		decal_origin = -0.638793,1.000000,0.273817,0x93578DB7;
	  f far_plane = 1.100000;
	  x guid = 0x00000000;
	  f horizontal_meters = 4.000000;
	  f lod = 1.000000;
	  f near_plane = 0.100000;
		texture = art\bitmaps\decals\b_d_sn02-path.raw;
	  f vertical_meters = 4.000000;
	}
	[t:decal,n:*]
	{
		decal_orientation = -0.827575,0.561356,0.000000,0.000000,0.000000,-1.000000,-0.561356,-0.827575,0.000000;
		decal_origin = 0.500050,1.000000,0.829012,0x9400D330;
	  f far_plane = 1.100000;
	  x guid = 0x00000000;
	  f horizontal_meters = 4.000000;
	  f lod = 1.000000;
	  f near_plane = 0.100000;
		texture = art\bitmaps\decals\b_d_nt-path.raw;
	  f vertical_meters = 4.000000;
	}
	[t:decal,n:*]
	{
		decal_orientation = 0.779840,0.625978,0.000000,0.000000,0.000000,-1.000000,-0.625978,0.779840,0.000000;
		decal_origin = -0.943228,1.000000,0.312206,0x97A90520;
	  f far_plane = 1.100000;
	  x guid = 0x00000000;
	  f horizontal_meters = 4.000000;
	  f lod = 1.000000;
	  f near_plane = 0.100000;
		texture = art\bitmaps\decals\b_d_sn02-path.raw;
	  f vertical_meters = 4.000000;
	}
	[t:decal,n:*]
	{
		decal_orientation = 0.695386,-0.718636,0.000000,0.000000,0.000000,-1.000000,0.718636,0.695386,0.000000;
		decal_origin = -1.142742,1.000000,0.529813,0xA002F367;
	  f far_plane = 1.100000;
	  x guid = 0x00000000;
	  f horizontal_meters = 4.000000;
	  f lod = 1.000000;
	  f near_plane = 0.100000;
		texture = art\bitmaps\decals\b_d_sn02-path.raw;
	  f vertical_meters = 4.000000;
	}
	[t:decal,n:*]
	{
		decal_orientation = -0.980138,0.198318,0.000000,0.000000,0.000000,-1.000000,-0.198318,-0.980138,0.000000;
		decal_origin = 0.701207,1.000000,-0.179670,0xA34218E8;
	  f far_plane = 1.100000;
	  x guid = 0x00000000;
	  f horizontal_meters = 4.000000;
	  f lod = 1.000000;
	  f near_plane = 0.100000;
		texture = art\bitmaps\decals\b_d_sn02-path.raw;
	  f vertical_meters = 4.000000;
	}
	[t:decal,n:*]
	{
		decal_orientation = -0.966629,-0.256179,0.000000,0.000000,0.000000,-1.000000,0.256179,-0.966629,0.000000;
		decal_origin = -0.362658,1.000000,-1.684872,0xA4196CA3;
	  f far_plane = 1.100000;
	  x guid = 0x00000000;
	  f horizontal_meters = 4.000000;
	  f lod = 1.000000;
	  f near_plane = 0.100000;
		texture = art\bitmaps\decals\b_d_nt-path.raw;
	  f vertical_meters = 4.000000;
	}
	[t:decal,n:*]
	{
		decal_orientation = -0.925174,-0.379544,0.000000,0.000000,0.000000,-1.000000,0.379544,-0.925174,0.000000;
		decal_origin = -0.723415,1.000000,1.277910,0xA4D10EB9;
	  f far_plane = 1.100000;
	  x guid = 0x00000000;
	  f horizontal_meters = 4.000000;
	  f lod = 1.000000;
	  f near_plane = 0.100000;
		texture = art\bitmaps\decals\b_d_nt-path.raw;
	  f vertical_meters = 4.000000;
	}
	[t:decal,n:*]
	{
		decal_orientation = -0.987863,0.155326,0.000000,0.000000,0.000000,-1.000000,-0.155326,-0.987863,0.000000;
		decal_origin = -0.828433,1.000000,0.102237,0xA4E5C871;
	  f far_plane = 1.100000;
	  x guid = 0x00000000;
	  f horizontal_meters = 4.000000;
	  f lod = 1.000000;
	  f near_plane = 0.100000;
		texture = art\bitmaps\decals\b_d_sn02-path.raw;
	  f vertical_meters = 4.000000;
	}
	[t:decal,n:*]
	{
		decal_orientation = 0.764045,0.645163,0.000000,0.000000,0.000000,-1.000000,-0.645163,0.764045,0.000000;
		decal_origin = -0.964730,1.000000,1.510614,0xA6591497;
	  f far_plane = 1.100000;
	  x guid = 0x00000000;
	  f horizontal_meters = 4.000000;
	  f lod = 1.000000;
	  f near_plane = 0.100000;
		texture = art\bitmaps\decals\b_d_nt-path.raw;
	  f vertical_meters = 4.000000;
	}
	[t:decal,n:*]
	{
		decal_orientation = -0.180215,0.983627,0.000000,0.000000,0.000000,-1.000000,-0.983627,-0.180215,0.000000;
		decal_origin = -1.981393,1.000000,1.466782,0xA6899D5F;
	  f far_plane = 1.100000;
	  x guid = 0x00000000;
	  f horizontal_meters = 4.000000;
	  f lod = 1.000000;
	  f near_plane = 0.100000;
		texture = art\bitmaps\decals\b_d_nt-path.raw;
	  f vertical_meters = 4.000000;
	}
	[t:decal,n:*]
	{
		decal_orientation = 0.999805,0.019753,0.000000,0.000000,0.000000,-1.000000,-0.019753,0.999805,0.000000;
		decal_origin = -0.905130,1.000000,-0.786458,0xAB44E94C;
	  f far_plane = 1.100000;
	  x guid = 0x00000000;
	  f horizontal_meters = 4.000000;
	  f lod = 1.000000;
	  f near_plane = 0.100000;
		texture = art\bitmaps\decals\b_d_nt-path.raw;
	  f vertical_meters = 4.000000;
	}
	[t:decal,n:*]
	{
		decal_orientation = 0.751838,0.659348,0.000000,0.000000,0.000000,-1.000000,-0.659348,0.751838,0.000000;
		decal_origin = -0.901264,1.000000,0.853497,0xAB769D8D;
	  f far_plane = 1.100000;
	  x guid = 0x00000000;
	  f horizontal_meters = 4.000000;
	  f lod = 1.000000;
	  f near_plane = 0.100000;
		texture = art\bitmaps\decals\b_d_sn02-path.raw;
	  f vertical_meters = 4.000000;
	}
	[t:decal,n:*]
	{
		decal_orientation = -0.939743,-0.341881,0.000000,0.000000,0.000000,-1.000000,0.341881,-0.939743,0.000000;
		decal_origin = -0.822318,1.000000,1.935258,0xB1138DA2;
