[decals]
{
	[t:decal,n:*]
	{
		decal_orientation = -0.739110,-0.673585,0.000000,0.000000,0.000000,-1.000000,0.673585,-0.739110,0.000000;
		decal_origin = -1.604838,1.000000,-1.289593,0x3BF9137A;
	  f far_plane = 1.100000;
	  x guid = 0x00000000;
	  f horizontal_meters = 4.000000;
	  f lod = 1.000000;
	  f near_plane = 0.100000;
		texture = Art\Bitmaps\Decals\b_d_sn02-path.%img%;
	  f vertical_meters = 4.000000;
	}
	[t:decal,n:*]
	{
		decal_orientation = 0.977346,0.211648,0.000000,0.000000,0.000000,-1.000000,-0.211648,0.977346,0.000000;
		decal_origin = 0.156284,1.000000,1.712532,0x3BF9137A;
	  f far_plane = 1.100000;
	  x guid = 0x00000000;
	  f horizontal_meters = 4.000000;
	  f lod = 1.000000;
	  f near_plane = 0.100000;
		texture = Art\Bitmaps\Decals\b_d_sn02-path.%img%;
	  f vertical_meters = 4.000000;
	}
	[t:decal,n:*]
	{
		decal_orientation = 0.969152,0.246464,0.000000,0.000000,0.000000,-1.000000,-0.246464,0.969152,0.000000;
		decal_origin = -0.508510,1.000000,1.253837,0xA3D2B5D6;
	  f far_plane = 1.100000;
	  x guid = 0x00000000;
	  f horizontal_meters = 4.000000;
	  f lod = 1.000000;
	  f near_plane = 0.100000;
		texture = Art\Bitmaps\Decals\b_d_sn02-path.%img%;
	  f vertical_meters = 4.000000;
	}
	[t:decal,n:*]
	{
		decal_orientation = -0.967097,-0.254407,0.000000,0.000000,0.000000,-1.000000,0.254407,-0.967097,0.000000;
		decal_origin = -1.559923,1.000000,1.880256,0xBB7B9C29;
	  f far_plane = 1.100000;
	  x guid = 0x00000000;
	  f horizontal_meters = 4.000000;
	  f lod = 1.000000;
	  f near_plane = 0.100000;
		texture = Art\Bitmaps\Decals\b_d_sn02-path.%img%;
	  f vertical_meters = 4.000000;
	}
	[t:decal,n:*]
	{
		decal_orientation = 0.671889,-0.740652,0.000000,0.000000,0.000000,-1.000000,0.740652,0.671889,0.000000;
		decal_origin = 0.080896,1.000000,-0.404282,0xBB7B9C29;
	  f far_plane = 1.100000;
	  x guid = 0x00000000;
	  f horizontal_meters = 4.000000;
	  f lod = 1.000000;
	  f near_plane = 0.100000;
		texture = Art\Bitmaps\Decals\b_d_sn02-path.%img%;
	  f vertical_meters = 4.000000;
	}
	[t:decal,n:*]
	{
		decal_orientation = -0.500674,-0.865636,0.000000,0.000000,0.000000,-1.000000,0.865636,-0.500674,0.000000;
		decal_origin = -0.844333,1.000000,-0.036877,0xEC7365B9;
	  f far_plane = 1.100000;
	  x guid = 0x00000000;
	  f horizontal_meters = 4.000000;
	  f lod = 1.000000;
	  f near_plane = 0.100000;
		texture = Art\Bitmaps\Decals\b_d_sn02-path.%img%;
	  f vertical_meters = 4.000000;
	}
	[t:decal,n:*]
	{
		decal_orientation = -0.325136,0.945667,0.000000,0.000000,0.000000,-1.000000,-0.945667,-0.325136,0.000000;
		decal_origin = -0.049502,1.000000,1.084557,0xC34F04D8;
	  f far_plane = 1.100000;
	  x guid = 0x00000000;
	  f horizontal_meters = 4.000000;
	  f lod = 1.000000;
	  f near_plane = 0.100000;
		texture = Art\Bitmaps\Decals\b_d_sn02-path.%img%;
	  f vertical_meters = 4.000000;
	}
	[t:decal,n:*]
	{
		decal_orientation = -0.753166,0.657831,0.000000,0.000000,0.000000,-1.000000,-0.657831,-0.753166,0.000000;
		decal_origin = 1.654140,1.000000,-1.987117,0x98338B1F;
	  f far_plane = 1.100000;
	  x guid = 0x00000000;
	  f horizontal_meters = 4.000000;
	  f lod = 1.000000;
	  f near_plane = 0.100000;
		texture = Art\Bitmaps\Decals\b_d_sn02-path.%img%;
	  f vertical_meters = 4.000000;
	}
	[t:decal,n:*]
	{
		decal_orientation = -0.417553,0.908653,0.000000,0.000000,0.000000,-1.000000,-0.908653,-0.417553,0.000000;
		decal_origin = 1.925218,1.000000,1.763089,0xB5371267;
	  f far_plane = 1.100000;
	  x guid = 0x00000000;
	  f horizontal_meters = 4.000000;
	  f lod = 1.000000;
	  f near_plane = 0.100000;
		texture = Art\Bitmaps\Decals\b_d_sn02-path.%img%;
	  f vertical_meters = 4.000000;
	}
	[t:decal,n:*]
	{
		decal_orientation = 0.196411,0.980522,0.000000,0.000000,0.000000,-1.000000,-0.980522,0.196411,0.000000;
		decal_origin = -0.218477,1.000000,-0.986826,0xB89CCEC8;
	  f far_plane = 1.100000;
	  x guid = 0x00000000;
	  f horizontal_meters = 4.000000;
	  f lod = 1.000000;
	  f near_plane = 0.100000;
		texture = Art\Bitmaps\Decals\b_d_sn02-path.%img%;
	  f vertical_meters = 4.000000;
	}
	[t:decal,n:*]
	{
		decal_orientation = 0.122105,0.992517,0.000000,0.000000,0.000000,-1.000000,-0.992517,0.122105,0.000000;
		decal_origin = -1.913872,1.000000,0.676719,0xAA5C140D;
	  f far_plane = 1.100000;
	  x guid = 0x00000000;
	  f horizontal_meters = 4.000000;
	  f lod = 1.000000;
	  f near_plane = 0.100000;
		texture = Art\Bitmaps\Decals\b_d_sn02-path.%img%;
	  f vertical_meters = 4.000000;
	}
	[t:decal,n:*]
	{
		decal_orientation = 0.707107,-0.707107,0.000000,0.000000,0.000000,-1.000000,0.707107,0.707107,0.000000;
		decal_origin = 1.339885,1.000000,-0.105099,0xA0BEB76C;
	  f far_plane = 1.100000;
	  x guid = 0x55E2CA96;
	  f horizontal_meters = 4.000000;
	  f lod = 1.000000;
	  f near_plane = 0.100000;
		texture = Art\Bitmaps\Decals\b_d_sn02-path.%img%;
	  f vertical_meters = 4.000000;
	}
	[t:decal,n:*]
	{
		decal_orientation = -0.484164,0.874977,0.000000,0.000000,0.000000,-1.000000,-0.874977,-0.484164,0.000000;
		decal_origin = -1.192630,1.000000,0.347816,0x665D662E;
	  f far_plane = 1.100000;
	  x guid = 0x00000000;
	  f horizontal_meters = 4.000000;
	  f lod = 1.000000;
	  f near_plane = 0.100000;
		texture = Art\Bitmaps\Decals\b_d_sn02-path.%img%;
	  f vertical_meters = 4.000000;
	}
	[t:decal,n:*]
	{
		decal_orientation = 0.000000,-1.000000,0.000000,0.000000,0.000000,-1.000000,1.000000,0.000000,0.000000;
		decal_origin = -1.576975,1.000000,-1.544280,0x665D662E;
	  f far_plane = 1.100000;
	  x guid = 0x88BB3DF8;
	  f horizontal_meters = 4.000000;
	  f lod = 1.000000;
	  f near_plane = 0.100000;
		texture = Art\Bitmaps\Decals\b_d_sn02-path.%img%;
	  f vertical_meters = 4.000000;
	}
	[t:decal,n:*]
	{
		decal_orientation = 0.000000,-1.000000,0.000000,0.000000,0.000000,-1.000000,1.000000,0.000000,0.000000;
		decal_origin = 1.063257,1.000000,-1.603249,0x665D662E;
	  f far_plane = 1.100000;
	  x guid = 0x8D7E7F5F;
	  f horizontal_meters = 4.000000;
	  f lod = 1.000000;
	  f near_plane = 0.100000;
		texture = Art\Bitmaps\Decals\b_d_sn02-path.%img%;
	  f vertical_meters = 4.000000;
	}
	[t:decal,n:*]
	{
		decal_orientation = 0.777917,0.628367,0.000000,0.000000,0.000000,-1.000000,-0.628367,0.777917,0.000000;
		decal_origin = 1.919688,1.000000,1.905367,0xA6655033;
	  f far_plane = 1.100000;
	  x guid = 0x00000000;
	  f horizontal_meters = 4.000000;
	  f lod = 1.000000;
	  f near_plane = 0.100000;
		texture = Art\Bitmaps\Decals\b_d_sn02-path.%img%;
	  f vertical_meters = 4.000000;
	}
	[t:decal,n:*]
	{
		decal_orientation = -0.729067,-0.684442,0.000000,0.000000,0.000000,-1.000000,0.684442,-0.729067,0.000000;
		decal_origin = 0.609380,1.000000,-1.568363,0xA6655033;
	  f far_plane = 1.100000;
	  x guid = 0x00000000;
	  f horizontal_meters = 4.000000;
	  f lod = 1.000000;
	  f near_plane = 0.100000;
		texture = Art\Bitmaps\Decals\b_d_sn02-path.%img%;
	  f vertical_meters = 4.000000;
	}
	[t:decal,n:*]
	{
		decal_orientation = 0.707107,-0.707107,0.000000,0.000000,0.000000,-1.000000,0.707107,0.707107,0.000000;
		decal_origin = 3.770370,1.000000,0.065700,0xA6655033;
	  f far_plane = 1.100000;
	  x guid = 0xB1041A41;
	  f horizontal_meters = 4.000000;
	  f lod = 1.000000;
	  f near_plane = 0.100000;
		texture = Art\Bitmaps\Decals\b_d_sn02-path.%img%;
	  f vertical_meters = 4.000000;
	}
	[t:decal,n:*]
	{
		decal_orientation = -0.963237,0.268654,0.000000,0.000000,0.000000,-1.000000,-0.268654,-0.963237,0.000000;
		decal_origin = -0.889646,1.000000,1.440085,0xF2D75598;
	  f far_plane = 1.100000;
	  x guid = 0x00000000;
	  f horizontal_meters = 4.000000;
	  f lod = 1.000000;
	  f near_plane = 0.100000;
		texture = Art\Bitmaps\Decals\b_d_sn02-path.%img%;
	  f vertical_meters = 4.000000;
	}
	[t:decal,n:*]
	{
		decal_orientation = 0.000000,-1.000000,0.000000,0.000000,0.000000,-1.000000,1.000000,0.000000,0.000000;
		decal_origin = 0.873469,1.000002,1.948786,0xF2D75598;
	  f far_plane = 1.100000;
	  x guid = 0xAE8D2E16;
	  f horizontal_meters = 4.000000;
	  f lod = 1.000000;
	  f near_plane = 0.100000;
		texture = Art\Bitmaps\Decals\b_d_sn02-path.%img%;
	  f vertical_meters = 4.000000;
	}
	[t:decal,n:*]
	{
		decal_orientation = -0.998332,0.057742,0.000000,0.000000,0.000000,-1.000000,-0.057742,-0.998332,0.000000;
		decal_origin = 1.100338,1.000000,-1.467780,0xA130546A;
	  f far_plane = 1.100000;
	  x guid = 0x00000000;
	  f horizontal_meters = 4.000000;
	  f lod = 1.000000;
	  f near_plane = 0.100000;
		texture = Art\Bitmaps\Decals\b_d_sn02-path.%img%;
	  f vertical_meters = 4.000000;
	}
	[t:decal,n:*]
	{
		decal_orientation = -0.288964,0.957340,0.000000,0.000000,0.000000,-1.000000,-0.957340,-0.288964,0.000000;
		decal_origin = -0.500855,1.000000,-0.638388,0xC045081D;
	  f far_plane = 1.100000;
	  x guid = 0x00000000;
	  f horizontal_meters = 4.000000;
	  f lod = 1.000000;
	  f near_plane = 0.100000;
		texture = Art\Bitmaps\Decals\b_d_sn02-path.%img%;
	  f vertical_meters = 4.000000;
	}
	[t:decal,n:*]
	{
		decal_orientation = -0.336987,0.941509,0.000000,0.000000,0.000000,-1.000000,-0.941509,-0.336987,0.000000;
		decal_origin = 1.184640,1.000000,0.744987,0x243CC014;
	  f far_plane = 1.100000;
	  x guid = 0x00000000;
	  f horizontal_meters = 4.000000;
	  f lod = 1.000000;
	  f near_plane = 0.100000;
		texture = Art\Bitmaps\Decals\b_d_sn02-path.%img%;
	  f vertical_meters = 4.000000;
	}
	[t:decal,n:*]
	{
		decal_orientation = -0.974128,0.225996,0.000000,0.000000,0.000000,-1.000000,-0.225996,-0.974128,0.000000;
		decal_origin = 1.594057,1.000000,-1.836231,0x3E8B98F4;
	  f far_plane = 1.100000;
	  x guid = 0x00000000;
	  f horizontal_meters = 4.000000;
	  f lod = 1.000000;
	  f near_plane = 0.100000;
		texture = Art\Bitmaps\Decals\b_d_sn02-path.%img%;
	  f vertical_meters = 4.000000;
	}
	[t:decal,n:*]
	{
		decal_orientation = -0.879660,-0.475602,0.000000,0.000000,0.000000,-1.000000,0.475602,-0.879660,0.000000;
		decal_origin = 1.215724,1.000000,-0.232037,0x3874DCA3;
	  f far_plane = 1.100000;
	  x guid = 0x00000000;
	  f horizontal_meters = 4.000000;
	  f lod = 1.000000;
	  f near_plane = 0.100000;
		texture = Art\Bitmaps\Decals\b_d_sn02-path.%img%;
	  f vertical_meters = 4.000000;
	}
	[t:decal,n:*]
	{
		decal_orientation = -0.460498,-0.887661,0.000000,0.000000,0.000000,-1.000000,0.887661,-0.460498,0.000000;
		decal_origin = 1.329103,1.000000,0.491246,0x02DF8E2E;
	  f far_plane = 1.100000;
	  x guid = 0x00000000;
	  f horizontal_meters = 4.000000;
	  f lod = 1.000000;
	  f near_plane = 0.100000;
		texture = Art\Bitmaps\Decals\b_d_sn02-path.%img%;
	  f vertical_meters = 4.000000;
	}
	[t:decal,n:*]
	{
		decal_orientation = 0.000000,-1.000000,0.000000,0.000000,0.000000,-1.000000,1.000000,0.000000,0.000000;
		decal_origin = -1.316078,1.000001,0.016205,0x0E1E2DD5;
	  f far_plane = 1.100000;
	  x guid = 0x550A32D4;
	  f horizontal_meters = 4.000000;
	  f lod = 1.000000;
	  f near_plane = 0.100000;
		texture = Art\Bitmaps\Decals\b_d_scorch.%img%;
	  f vertical_meters = 5.000000;
	}
	[t:decal,n:*]
	{
		decal_orientation = 0.000000,-1.000000,0.000000,0.000000,0.000000,-1.000000,1.000000,0.000000,0.000000;
		decal_origin = 1.409447,0.999999,0.363724,0xDC3EE394;
	  f far_plane = 1.100000;
	  x guid = 0x55BA6826;
	  f horizontal_meters = 1.600000;
	  f lod = 1.000000;
	  f near_plane = 0.100000;
		texture = Art\Bitmaps\Decals\b_d_scorch.%img%;
	  f vertical_meters = 1.600000;
	}
	[t:decal,n:*]
	{
		decal_orientation = 0.000000,-1.000000,0.000000,0.000000,0.000000,-1.000000,1.000000,0.000000,0.000000;
		decal_origin = 0.772049,1.000000,0.244202,0x5B9C4322;
	  f far_plane = 1.100000;
	  x guid = 0xBEAABF80;
	  f horizontal_meters = 1.000000;
	  f lod = 1.000000;
	  f near_plane = 0.100000;
		texture = Art\Bitmaps\Decals\b_d_blood.%img%;
	  f vertical_meters = 1.000000;
	}
	[t:decal,n:*]
	{
		decal_orientation = -0.736674,-0.676248,0.000000,0.000000,0.000000,-1.000000,0.676248,-0.736674,0.000000;
		decal_origin = -1.267776,1.000000,-0.952528,0xFE70AA19;
	  f far_plane = 1.100000;
	  x guid = 0x00000000;
	  f horizontal_meters = 4.000000;
	  f lod = 1.000000;
	  f near_plane = 0.100000;
		texture = Art\Bitmaps\Decals\b_d_sn02-path.%img%;
	  f vertical_meters = 4.000000;
	}
	[t:decal,n:*]
	{
		decal_orientation = 0.043302,-0.999062,0.000000,0.000000,0.000000,-1.000000,0.999062,0.043302,0.000000;
		decal_origin = 0.383458,1.000000,1.591697,0x361A5689;
	  f far_plane = 1.100000;
	  x guid = 0x00000000;
	  f horizontal_meters = 4.000000;
	  f lod = 1.000000;
	  f near_plane = 0.100000;
		texture = Art\Bitmaps\Decals\b_d_sn02-path.%img%;
	  f vertical_meters = 4.000000;
	}
	[t:decal,n:*]
	{
		decal_orientation = -0.227998,-0.973662,0.000000,0.000000,0.000000,-1.000000,0.973662,-0.227998,0.000000;
		decal_origin = 0.507568,1.000000,-0.437673,0xB982C3F1;
	  f far_plane = 1.100000;
	  x guid = 0x00000000;
	  f horizontal_meters = 4.000000;
	  f lod = 1.000000;
	  f near_plane = 0.100000;
		texture = Art\Bitmaps\Decals\b_d_sn02-path.%img%;
	  f vertical_meters = 4.000000;
	}
	[t:decal,n:*]
	{
		decal_orientation = -0.724226,0.689563,0.000000,0.000000,0.000000,-1.000000,-0.689563,-0.724226,0.000000;
		decal_origin = 1.959435,1.000000,0.534083,0x8E8DD6F1;
	  f far_plane = 1.100000;
	  x guid = 0x00000000;
	  f horizontal_meters = 4.000000;
	  f lod = 1.000000;
	  f near_plane = 0.100000;
		texture = Art\Bitmaps\Decals\b_d_sn02-path.%img%;
	  f vertical_meters = 4.000000;
	}
	[t:decal,n:*]
	{
		decal_orientation = -0.650812,-0.759239,0.000000,0.000000,0.000000,-1.000000,0.759239,-0.650812,0.000000;
		decal_origin = -1.238784,1.000000,-1.762990,0x70D6BCD5;
	  f far_plane = 1.100000;
	  x guid = 0x00000000;
	  f horizontal_meters = 4.000000;
	  f lod = 1.000000;
	  f near_plane = 0.100000;
		texture = Art\Bitmaps\Decals\b_d_sn02-path.%img%;
	  f vertical_meters = 4.000000;
	}
	[t:decal,n:*]
	{
		decal_orientation = -0.899894,0.436108,0.000000,0.000000,0.000000,-1.000000,-0.436108,-0.899894,0.000000;
		decal_origin = 1.298210,1.000000,1.006408,0xD3D9F31D;
	  f far_plane = 1.100000;
	  x guid = 0x00000000;
	  f horizontal_meters = 4.000000;
	  f lod = 1.000000;
	  f near_plane = 0.100000;
		texture = Art\Bitmaps\Decals\b_d_sn02-path.%img%;
	  f vertical_meters = 4.000000;
	}
	[t:decal,n:*]
	{
		decal_orientation = 0.925386,-0.379026,0.000000,0.000000,0.000000,-1.000000,0.379026,0.925386,0.000000;
		decal_origin = -0.311731,1.000000,-1.974690,0xA784427B;
	  f far_plane = 1.100000;
	  x guid = 0x00000000;
	  f horizontal_meters = 4.000000;
	  f lod = 1.000000;
	  f near_plane = 0.100000;
		texture = Art\Bitmaps\Decals\b_d_sn02-path.%img%;
	  f vertical_meters = 4.000000;
	}
	[t:decal,n:*]
	{
		decal_orientation = -0.672013,-0.740539,0.000000,0.000000,0.000000,-1.000000,0.740539,-0.672013,0.000000;
		decal_origin = -0.120425,1.000000,0.687461,0x5CBF2731;
	  f far_plane = 1.100000;
	  x guid = 0x00000000;
	  f horizontal_meters = 4.000000;
	  f lod = 1.000000;
	  f near_plane = 0.100000;
		texture = Art\Bitmaps\Decals\b_d_sn02-path.%img%;
	  f vertical_meters = 4.000000;
	}
	[t:decal,n:*]
	{
		decal_orientation = -0.939360,-0.342933,0.000000,0.000000,0.000000,-1.000000,0.342933,-0.939360,0.000000;
		decal_origin = -0.622293,1.000000,0.665535,0x5CBF2731;
	  f far_plane = 1.100000;
	  x guid = 0x00000000;
	  f horizontal_meters = 4.000000;
	  f lod = 1.000000;
	  f near_plane = 0.100000;
		texture = Art\Bitmaps\Decals\b_d_sn02-path.%img%;
	  f vertical_meters = 4.000000;
	}
	[t:decal,n:*]
	{
		decal_orientation = -0.950212,0.311604,0.000000,0.000000,0.000000,-1.000000,-0.311604,-0.950212,0.000000;
		decal_origin = 0.809344,1.000000,0.452562,0xE406BE0E;
	  f far_plane = 1.100000;
	  x guid = 0x00000000;
	  f horizontal_meters = 4.000000;
	  f lod = 1.000000;
	  f near_plane = 0.100000;
		texture = Art\Bitmaps\Decals\b_d_sn02-path.%img%;
	  f vertical_meters = 4.000000;
	}
	[t:decal,n:*]
	{
		decal_orientation = -0.189263,0.981926,0.000000,0.000000,0.000000,-1.000000,-0.981926,-0.189263,0.000000;
		decal_origin = -0.331680,1.000000,-0.161101,0x346325C3;
	  f far_plane = 1.100000;
	  x guid = 0x00000000;
	  f horizontal_meters = 4.000000;
	  f lod = 1.000000;
	  f near_plane = 0.100000;
		texture = Art\Bitmaps\Decals\b_d_sn02-path.%img%;
	  f vertical_meters = 4.000000;
	}
	[t:decal,n:*]
	{
		decal_orientation = 0.992180,-0.124812,0.000000,0.000000,0.000000,-1.000000,0.124812,0.992180,0.000000;
		decal_origin = -0.744289,1.000000,-1.175086,0xCDF82731;
	  f far_plane = 1.100000;
	  x guid = 0x00000000;
	  f horizontal_meters = 4.000000;
	  f lod = 1.000000;
	  f near_plane = 0.100000;
		texture = Art\Bitmaps\Decals\b_d_sn02-path.%img%;
	  f vertical_meters = 4.000000;
	}
	[t:decal,n:*]
	{
		decal_orientation = -0.397170,0.917745,0.000000,0.000000,0.000000,-1.000000,-0.917745,-0.397170,0.000000;
		decal_origin = 0.789886,1.000000,0.192733,0x6433D199;
	  f far_plane = 1.100000;
	  x guid = 0x00000000;
	  f horizontal_meters = 4.000000;
	  f lod = 1.000000;
	  f near_plane = 0.100000;
		texture = Art\Bitmaps\Decals\b_d_sn02-path.%img%;
	  f vertical_meters = 4.000000;
	}
	[t:decal,n:*]
	{
		decal_orientation = 0.707107,-0.707107,0.000000,0.000000,0.000000,-1.000000,0.707107,0.707107,0.000000;
		decal_origin = -1.826881,1.000000,-0.162971,0x76D6B82A;
	  f far_plane = 1.100000;
	  x guid = 0xB4F58A04;
	  f horizontal_meters = 4.000000;
	  f lod = 1.000000;
	  f near_plane = 0.100000;
		texture = Art\Bitmaps\Decals\b_d_sn02-path.%img%;
	  f vertical_meters = 4.000000;
	}
	[t:decal,n:*]
	{
		decal_orientation = 0.588078,0.808804,0.000000,0.000000,0.000000,-1.000000,-0.808804,0.588078,0.000000;
		decal_origin = -0.266477,1.000000,1.283211,0xE504C6E1;
	  f far_plane = 1.100000;
	  x guid = 0x00000000;
	  f horizontal_meters = 4.000000;
	  f lod = 1.000000;
	  f near_plane = 0.100000;
		texture = Art\Bitmaps\Decals\b_d_sn02-path.%img%;
	  f vertical_meters = 4.000000;
	}
	[t:decal,n:*]
	{
		decal_orientation = 0.099808,0.995007,0.000000,0.000000,0.000000,-1.000000,-0.995007,0.099808,0.000000;
		decal_origin = -1.018278,1.000000,1.759417,0xE504C6E1;
	  f far_plane = 1.100000;
	  x guid = 0x00000000;
	  f horizontal_meters = 4.000000;
	  f lod = 1.000000;
	  f near_plane = 0.100000;
		texture = Art\Bitmaps\Decals\b_d_sn02-path.%img%;
	  f vertical_meters = 4.000000;
	}
	[t:decal,n:*]
	{
		decal_orientation = 0.697654,0.716435,0.000000,0.000000,0.000000,-1.000000,-0.716435,0.697654,0.000000;
		decal_origin = 1.580740,1.000000,1.522248,0x099A86CC;
	  f far_plane = 1.100000;
	  x guid = 0x00000000;
	  f horizontal_meters = 4.000000;
	  f lod = 1.000000;
	  f near_plane = 0.100000;
		texture = Art\Bitmaps\Decals\b_d_sn02-path.%img%;
	  f vertical_meters = 4.000000;
	}
	[t:decal,n:*]
	{
		decal_orientation = 0.000000,-1.000000,0.000000,0.000000,0.000000,-1.000000,1.000000,0.000000,0.000000;
		decal_origin = 3.841194,1.000000,1.654090,0x099A86CC;
	  f far_plane = 1.100000;
	  x guid = 0x29C0EE46;
	  f horizontal_meters = 4.000000;
	  f lod = 1.000000;
	  f near_plane = 0.100000;
		texture = Art\Bitmaps\Decals\b_d_sn02-path.%img%;
	  f vertical_meters = 4.000000;
	}
	[t:decal,n:*]
	{
		decal_orientation = -0.707107,-0.707107,0.000000,0.000000,-0.000000,-1.000000,0.707107,-0.707107,0.000000;
		decal_origin = 3.712868,1.000000,-0.522957,0x099A86CC;
	  f far_plane = 1.100000;
	  x guid = 0x67DBA8EC;
	  f horizontal_meters = 4.000000;
	  f lod = 1.000000;
	  f near_plane = 0.100000;
		texture = Art\Bitmaps\Decals\b_d_sn02-path.%img%;
	  f vertical_meters = 4.000000;
	}
	[t:decal,n:*]
	{
		decal_orientation = 0.000000,-1.000000,0.000000,0.000000,0.000000,-1.000000,1.000000,0.000000,0.000000;
		decal_origin = 2.603661,1.000000,-1.598709,0x099A86CC;
	  f far_plane = 1.100000;
	  x guid = 0x4802F510;
	  f horizontal_meters = 4.000000;
	  f lod = 1.000000;
	  f near_plane = 0.100000;
		texture = Art\Bitmaps\Decals\b_d_sn02-path.%img%;
	  f vertical_meters = 4.000000;
	}
	[t:decal,n:*]
	{
		decal_orientation = 0.000000,-1.000000,0.000000,0.000000,0.000000,-1.000000,1.000000,0.000000,0.000000;
		decal_origin = 0.162234,1.000000,-1.371392,0x099A86CC;
	  f far_plane = 1.100000;
	  x guid = 0xDB7630A2;
	  f horizontal_meters = 4.000000;
	  f lod = 1.000000;
	  f near_plane = 0.100000;
		texture = Art\Bitmaps\Decals\b_d_sn02-path.%img%;
	  f vertical_meters = 4.000000;
	}
	[t:decal,n:*]
	{
		decal_orientation = -0.707107,-0.707107,0.000000,0.000000,-0.000000,-1.000000,0.707107,-0.707107,0.000000;
		decal_origin = -2.179642,1.000000,-1.479691,0x099A86CC;
	  f far_plane = 1.100000;
	  x guid = 0x15EEE758;
	  f horizontal_meters = 4.000000;
	  f lod = 1.000000;
	  f near_plane = 0.100000;
		texture = Art\Bitmaps\Decals\b_d_sn02-path.%img%;
	  f vertical_meters = 4.000000;
	}
	[t:decal,n:*]
	{
		decal_orientation = 0.905647,-0.424032,0.000000,0.000000,0.000000,-1.000000,0.424032,0.905647,0.000000;
		decal_origin = 0.962862,1.000000,0.245587,0xA8A2AB13;
	  f far_plane = 1.100000;
	  x guid = 0x00000000;
	  f horizontal_meters = 4.000000;
	  f lod = 1.000000;
	  f near_plane = 0.100000;
		texture = Art\Bitmaps\Decals\b_d_sn02-path.%img%;
	  f vertical_meters = 4.000000;
	}
	[t:decal,n:*]
	{
		decal_orientation = -0.231185,0.972910,0.000000,0.000000,0.000000,-1.000000,-0.972910,-0.231185,0.000000;
		decal_origin = -0.575799,1.000000,-0.376895,0x9FA6AA0D;
	  f far_plane = 1.100000;
	  x guid = 0x00000000;
	  f horizontal_meters = 4.000000;
	  f lod = 1.000000;
	  f near_plane = 0.100000;
		texture = Art\Bitmaps\Decals\b_d_sn02-path.%img%;
	  f vertical_meters = 4.000000;
	}
	[t:decal,n:*]
	{
		decal_orientation = 0.106901,0.994270,0.000000,0.000000,0.000000,-1.000000,-0.994270,0.106901,0.000000;
		decal_origin = -0.558442,1.000000,1.290986,0x2D78E38F;
	  f far_plane = 1.100000;
	  x guid = 0x00000000;
	  f horizontal_meters = 4.000000;
	  f lod = 1.000000;
	  f near_plane = 0.100000;
		texture = Art\Bitmaps\Decals\b_d_sn02-path.%img%;
	  f vertical_meters = 4.000000;
	}
	[t:decal,n:*]
	{
		decal_orientation = 0.663401,-0.748264,0.000000,0.000000,0.000000,-1.000000,0.748264,0.663401,0.000000;
		decal_origin = 1.005287,1.000000,0.288687,0x2D78E38F;
	  f far_plane = 1.100000;
	  x guid = 0x00000000;
	  f horizontal_meters = 4.000000;
	  f lod = 1.000000;
	  f near_plane = 0.100000;
		texture = Art\Bitmaps\Decals\b_d_sn02-path.%img%;
	  f vertical_meters = 4.000000;
	}
	[t:decal,n:*]
	{
		decal_orientation = -0.999292,-0.037619,0.000000,0.000000,0.000000,-1.000000,0.037619,-0.999292,0.000000;
		decal_origin = -1.515397,1.000000,0.223686,0x2285F4C1;
	  f far_plane = 1.100000;
	  x guid = 0x00000000;
	  f horizontal_meters = 4.000000;
	  f lod = 1.000000;
	  f near_plane = 0.100000;
		texture = Art\Bitmaps\Decals\b_d_sn02-path.%img%;
	  f vertical_meters = 4.000000;
	}
	[t:decal,n:*]
	{
		decal_orientation = 0.525337,0.850894,0.000000,0.000000,0.000000,-1.000000,-0.850894,0.525337,0.000000;
		decal_origin = 1.193920,1.000000,-0.623380,0x2285F4C1;
	  f far_plane = 1.100000;
	  x guid = 0x00000000;
	  f horizontal_meters = 4.000000;
	  f lod = 1.000000;
	  f near_plane = 0.100000;
		texture = Art\Bitmaps\Decals\b_d_sn02-path.%img%;
	  f vertical_meters = 4.000000;
	}
	[t:decal,n:*]
	{
		decal_orientation = 0.725364,0.688365,0.000000,0.000000,0.000000,-1.000000,-0.688365,0.725364,0.000000;
		decal_origin = 1.032654,1.000000,1.168809,0xE21F6AFE;
	  f far_plane = 1.100000;
	  x guid = 0x00000000;
	  f horizontal_meters = 4.000000;
	  f lod = 1.000000;
	  f near_plane = 0.100000;
		texture = Art\Bitmaps\Decals\b_d_sn02-path.%img%;
	  f vertical_meters = 4.000000;
	}
	[t:decal,n:*]
	{
		decal_orientation = 0.951244,-0.308440,0.000000,0.000000,0.000000,-1.000000,0.308440,0.951244,0.000000;
		decal_origin = 0.308779,1.000000,1.855458,0xE21F6AFE;
	  f far_plane = 1.100000;
	  x guid = 0x00000000;
	  f horizontal_meters = 4.000000;
	  f lod = 1.000000;
	  f near_plane = 0.100000;
		texture = Art\Bitmaps\Decals\b_d_sn02-path.%img%;
	  f vertical_meters = 4.000000;
	}
	[t:decal,n:*]
	{
		decal_orientation = 0.615738,0.787951,0.000000,0.000000,0.000000,-1.000000,-0.787951,0.615738,0.000000;
		decal_origin = 1.263162,1.000000,-1.679835,0x95192CCB;
	  f far_plane = 1.100000;
	  x guid = 0x00000000;
	  f horizontal_meters = 4.000000;
	  f lod = 1.000000;
	  f near_plane = 0.100000;
		texture = Art\Bitmaps\Decals\b_d_sn02-path.%img%;
	  f vertical_meters = 4.000000;
	}
	[t:decal,n:*]
	{
		decal_orientation = 0.000000,-1.000000,0.000000,0.000000,0.000000,-1.000000,1.000000,0.000000,0.000000;
		decal_origin = -0.664918,1.000000,1.878849,0x95192CCB;
	  f far_plane = 1.100000;
	  x guid = 0x17D9990B;
	  f horizontal_meters = 4.000000;
	  f lod = 1.000000;
	  f near_plane = 0.100000;
		texture = Art\Bitmaps\Decals\b_d_sn02-path.%img%;
	  f vertical_meters = 4.000000;
	}
	[t:decal,n:*]
	{
		decal_orientation = -0.707107,-0.707107,0.000000,0.000000,-0.000000,-1.000000,0.707107,-0.707107,0.000000;
		decal_origin = -1.953342,1.000000,1.803709,0x1E543B9C;
	  f far_plane = 1.100000;
	  x guid = 0x436CC94B;
	  f horizontal_meters = 4.000000;
	  f lod = 1.000000;
	  f near_plane = 0.100000;
		texture = Art\Bitmaps\Decals\b_d_sn02-path.%img%;
	  f vertical_meters = 4.000000;
	}
	[t:decal,n:*]
	{
		decal_orientation = 0.000000,-1.000000,0.000000,0.000000,0.000000,-1.000000,1.000000,0.000000,0.000000;
		decal_origin = 0.717793,1.000000,1.357185,0x1E543B9C;
	  f far_plane = 1.100000;
	  x guid = 0x138B11A4;
	  f horizontal_meters = 4.000000;
	  f lod = 1.000000;
	  f near_plane = 0.100000;
		texture = Art\Bitmaps\Decals\b_d_sn02-path.%img%;
	  f vertical_meters = 4.000000;
	}
	[t:decal,n:*]
	{
		decal_orientation = 0.694920,0.719087,0.000000,0.000000,0.000000,-1.000000,-0.719087,0.694920,0.000000;
		decal_origin = 1.317334,1.000000,1.196680,0x40803AAC;
	  f far_plane = 1.100000;
	  x guid = 0x00000000;
	  f horizontal_meters = 4.000000;
	  f lod = 1.000000;
	  f near_plane = 0.100000;
		texture = Art\Bitmaps\Decals\b_d_sn02-path.%img%;
	  f vertical_meters = 4.000000;
	}
	[t:decal,n:*]
	{
		decal_orientation = 0.934810,-0.355148,0.000000,0.000000,0.000000,-1.000000,0.355148,0.934810,0.000000;
		decal_origin = -1.305204,1.000000,-1.013775,0x51E4121D;
	  f far_plane = 1.100000;
	  x guid = 0x00000000;
	  f horizontal_meters = 4.000000;
	  f lod = 1.000000;
	  f near_plane = 0.100000;
		texture = Art\Bitmaps\Decals\b_d_sn02-path.%img%;
	  f vertical_meters = 4.000000;
	}
	[t:decal,n:*]
	{
		decal_orientation = 0.435821,0.900033,0.000000,0.000000,0.000000,-1.000000,-0.900033,0.435821,0.000000;
		decal_origin = -1.906737,1.000000,0.783765,0xA441831C;
	  f far_plane = 1.100000;
	  x guid = 0x00000000;
	  f horizontal_meters = 4.000000;
	  f lod = 1.000000;
	  f near_plane = 0.100000;
		texture = Art\Bitmaps\Decals\b_d_sn02-path.%img%;
	  f vertical_meters = 4.000000;
	}
	[t:decal,n:*]
	{
		decal_orientation = -0.999917,0.012855,0.000000,0.000000,0.000000,-1.000000,-0.012855,-0.999917,0.000000;
		decal_origin = 0.073563,1.000000,-0.046186,0xA441831C;
	  f far_plane = 1.100000;
	  x guid = 0x00000000;
	  f horizontal_meters = 4.000000;
	  f lod = 1.000000;
	  f near_plane = 0.100000;
		texture = Art\Bitmaps\Decals\b_d_sn02-path.%img%;
	  f vertical_meters = 4.000000;
	}
	[t:decal,n:*]
	{
		decal_orientation = 0.057698,0.998334,0.000000,0.000000,0.000000,-1.000000,-0.998334,0.057698,0.000000;
		decal_origin = -1.226825,1.000000,-1.790665,0x3321DF51;
	  f far_plane = 1.100000;
	  x guid = 0x00000000;
	  f horizontal_meters = 4.000000;
	  f lod = 1.000000;
	  f near_plane = 0.100000;
		texture = Art\Bitmaps\Decals\b_d_sn02-path.%img%;
	  f vertical_meters = 4.000000;
	}
	[t:decal,n:*]
	{
		decal_orientation = -0.662882,0.748724,0.000000,0.000000,0.000000,-1.000000,-0.748724,-0.662882,0.000000;
		decal_origin = -0.650791,1.000000,-1.332565,0x3321DF51;
	  f far_plane = 1.100000;
	  x guid = 0x00000000;
	  f horizontal_meters = 4.000000;
	  f lod = 1.000000;
	  f near_plane = 0.100000;
		texture = Art\Bitmaps\Decals\b_d_sn02-path.%img%;
	  f vertical_meters = 4.000000;
	}
	[t:decal,n:*]
	{
		decal_orientation = 0.913579,-0.406661,0.000000,0.000000,0.000000,-1.000000,0.406661,0.913579,0.000000;
		decal_origin = -0.683191,1.000000,0.133241,0x3321DF51;
	  f far_plane = 1.100000;
	  x guid = 0x00000000;
	  f horizontal_meters = 4.000000;
	  f lod = 1.000000;
	  f near_plane = 0.100000;
		texture = Art\Bitmaps\Decals\b_d_sn02-path.%img%;
	  f vertical_meters = 4.000000;
	}
	[t:decal,n:*]
	{
		decal_orientation = -0.984697,0.174276,0.000000,0.000000,0.000000,-1.000000,-0.174276,-0.984697,0.000000;
		decal_origin = 0.551974,1.000000,-1.938684,0x75A59BAA;
	  f far_plane = 1.100000;
	  x guid = 0x00000000;
	  f horizontal_meters = 4.000000;
	  f lod = 1.000000;
	  f near_plane = 0.100000;
		texture = Art\Bitmaps\Decals\b_d_sn02-path.%img%;
	  f vertical_meters = 4.000000;
	}
	[t:decal,n:*]
	{
		decal_orientation = 0.791961,0.610571,0.000000,0.000000,0.000000,-1.000000,-0.610571,0.791961,0.000000;
		decal_origin = 0.769233,1.000000,-1.609290,0x75A59BAA;
	  f far_plane = 1.100000;
	  x guid = 0x00000000;
	  f horizontal_meters = 4.000000;
	  f lod = 1.000000;
	  f near_plane = 0.100000;
		texture = Art\Bitmaps\Decals\b_d_sn02-path.%img%;
	  f vertical_meters = 4.000000;
	}
	[t:decal,n:*]
	{
		decal_orientation = -0.863978,-0.503529,0.000000,0.000000,0.000000,-1.000000,0.503529,-0.863978,0.000000;
		decal_origin = 1.210561,1.000000,-1.188810,0xCF361887;
	  f far_plane = 1.100000;
	  x guid = 0x00000000;
	  f horizontal_meters = 4.000000;
	  f lod = 1.000000;
	  f near_plane = 0.100000;
		texture = Art\Bitmaps\Decals\b_d_sn02-path.%img%;
	  f vertical_meters = 4.000000;
	}
	[t:decal,n:*]
	{
		decal_orientation = 0.000000,-1.000000,0.000000,0.000000,0.000000,-1.000000,1.000000,0.000000,0.000000;
		decal_origin = 1.064336,1.000000,-0.571811,0x9B5B012F;
	  f far_plane = 1.100000;
	  x guid = 0x628A71D0;
	  f horizontal_meters = 4.000000;
	  f lod = 1.000000;
	  f near_plane = 0.100000;
		texture = Art\Bitmaps\Decals\b_d_sn02-path.%img%;
	  f vertical_meters = 4.000000;
	}
	[t:decal,n:*]
	{
		decal_orientation = 0.707107,-0.707107,0.000000,0.000000,0.000000,-1.000000,0.707107,0.707107,0.000000;
		decal_origin = 1.347927,1.000000,1.328506,0x9B5B012F;
	  f far_plane = 1.100000;
	  x guid = 0xB35AD8E6;
	  f horizontal_meters = 4.000000;
	  f lod = 1.000000;
	  f near_plane = 0.100000;
		texture = Art\Bitmaps\Decals\b_d_sn02-path.%img%;
	  f vertical_meters = 4.000000;
	}
	[t:decal,n:*]
	{
		decal_orientation = 0.980659,0.195723,0.000000,0.000000,0.000000,-1.000000,-0.195723,0.980659,0.000000;
		decal_origin = -1.312996,1.000000,-1.117306,0x469D3F43;
	  f far_plane = 1.100000;
	  x guid = 0x00000000;
	  f horizontal_meters = 4.000000;
	  f lod = 1.000000;
	  f near_plane = 0.100000;
		texture = Art\Bitmaps\Decals\b_d_sn02-path.%img%;
	  f vertical_meters = 4.000000;
	}
	[t:decal,n:*]
	{
		decal_orientation = -0.737404,-0.675452,0.000000,0.000000,0.000000,-1.000000,0.675452,-0.737404,0.000000;
		decal_origin = 0.277534,1.000000,-0.282478,0x2A8DC70F;
	  f far_plane = 1.100000;
	  x guid = 0x00000000;
	  f horizontal_meters = 4.000000;
	  f lod = 1.000000;
	  f near_plane = 0.100000;
		texture = Art\Bitmaps\Decals\b_d_sn02-path.%img%;
	  f vertical_meters = 4.000000;
	}
	[t:decal,n:*]
	{
		decal_orientation = -0.971091,-0.238710,0.000000,0.000000,0.000000,-1.000000,0.238710,-0.971091,0.000000;
		decal_origin = 1.821526,1.000000,1.564819,0x508AD402;
	  f far_plane = 1.100000;
	  x guid = 0x00000000;
	  f horizontal_meters = 4.000000;
	  f lod = 1.000000;
	  f near_plane = 0.100000;
		texture = Art\Bitmaps\Decals\b_d_sn02-path.%img%;
	  f vertical_meters = 4.000000;
	}
	[t:decal,n:*]
	{
		decal_orientation = 0.707107,-0.707107,0.000000,0.000000,0.000000,-1.000000,0.707107,0.707107,0.000000;
		decal_origin = -1.947090,1.000002,-0.605513,0x508AD402;
	  f far_plane = 1.100000;
	  x guid = 0xD223251E;
	  f horizontal_meters = 4.000000;
	  f lod = 1.000000;
	  f near_plane = 0.100000;
		texture = Art\Bitmaps\Decals\b_d_sn02-path.%img%;
	  f vertical_meters = 4.000000;
	}
	[t:decal,n:*]
	{
		decal_orientation = 0.000000,-1.000000,0.000000,0.000000,0.000000,-1.000000,1.000000,0.000000,0.000000;
		decal_origin = -1.719068,0.999998,1.294948,0x508AD402;
	  f far_plane = 1.100000;
	  x guid = 0xF5836831;
	  f horizontal_meters = 4.000000;
	  f lod = 1.000000;
	  f near_plane = 0.100000;
		texture = Art\Bitmaps\Decals\b_d_sn02-path.%img%;
	  f vertical_meters = 4.000000;
	}
	[t:decal,n:*]
	{
		decal_orientation = -0.999964,-0.008538,0.000000,0.000000,0.000000,-1.000000,0.008538,-0.999964,0.000000;
		decal_origin = 0.323601,1.000000,-1.861415,0xD682490A;
	  f far_plane = 1.100000;
	  x guid = 0x00000000;
	  f horizontal_meters = 4.000000;
	  f lod = 1.000000;
	  f near_plane = 0.100000;
		texture = Art\Bitmaps\Decals\b_d_sn02-path.%img%;
	  f vertical_meters = 4.000000;
	}
	[t:decal,n:*]
	{
		decal_orientation = 0.699276,0.714851,0.000000,0.000000,0.000000,-1.000000,-0.714851,0.699276,0.000000;
		decal_origin = 1.476548,1.000000,1.794687,0xA1BC6EA4;
	  f far_plane = 1.100000;
	  x guid = 0x00000000;
	  f horizontal_meters = 4.000000;
	  f lod = 1.000000;
	  f near_plane = 0.100000;
		texture = Art\Bitmaps\Decals\b_d_sn02-path.%img%;
	  f vertical_meters = 4.000000;
	}
	[t:decal,n:*]
	{
		decal_orientation = 0.546286,0.837599,0.000000,0.000000,0.000000,-1.000000,-0.837599,0.546286,0.000000;
		decal_origin = 1.115416,1.000000,-0.498320,0x8F74C321;
	  f far_plane = 1.100000;
	  x guid = 0x00000000;
	  f horizontal_meters = 4.000000;
	  f lod = 1.000000;
	  f near_plane = 0.100000;
		texture = Art\Bitmaps\Decals\b_d_sn02-path.%img%;
	  f vertical_meters = 4.000000;
	}
	[t:decal,n:*]
	{
		decal_orientation = -0.295031,-0.955488,0.000000,0.000000,0.000000,-1.000000,0.955488,-0.295031,0.000000;
		decal_origin = -0.737763,1.000000,-1.381660,0x2FA986D8;
	  f far_plane = 1.100000;
	  x guid = 0x00000000;
	  f horizontal_meters = 4.000000;
	  f lod = 1.000000;
	  f near_plane = 0.100000;
		texture = Art\Bitmaps\Decals\b_d_sn02-path.%img%;
	  f vertical_meters = 4.000000;
	}
	[t:decal,n:*]
	{
		decal_orientation = 0.000000,-1.000000,0.000000,0.000000,0.000000,-1.000000,1.000000,0.000000,0.000000;
		decal_origin = -3.038754,0.999999,1.562691,0x2FA986D8;
	  f far_plane = 1.100000;
	  x guid = 0x5ACFF5C3;
	  f horizontal_meters = 4.000000;
	  f lod = 1.000000;
	  f near_plane = 0.100000;
		texture = Art\Bitmaps\Decals\b_d_sn02-path.%img%;
	  f vertical_meters = 4.000000;
	}
	[t:decal,n:*]
	{
		decal_orientation = 0.000000,-1.000000,0.000000,0.000000,0.000000,-1.000000,1.000000,0.000000,0.000000;
		decal_origin = -0.419127,1.000000,1.469720,0x2FA986D8;
	  f far_plane = 1.100000;
	  x guid = 0xD6653269;
	  f horizontal_meters = 4.000000;
	  f lod = 1.000000;
	  f near_plane = 0.100000;
		texture = Art\Bitmaps\Decals\b_d_sn02-path.%img%;
	  f vertical_meters = 4.000000;
	}
	[t:decal,n:*]
	{
		decal_orientation = -0.967260,-0.253788,0.000000,0.000000,0.000000,-1.000000,0.253788,-0.967260,0.000000;
		decal_origin = -1.786604,1.000000,-0.920284,0xBEB03E02;
	  f far_plane = 1.100000;
	  x guid = 0x00000000;
	  f horizontal_meters = 4.000000;
	  f lod = 1.000000;
	  f near_plane = 0.100000;
		texture = Art\Bitmaps\Decals\b_d_sn02-path.%img%;
	  f vertical_meters = 4.000000;
	}
	[t:decal,n:*]
	{
		decal_orientation = 0.000000,-1.000000,0.000000,0.000000,0.000000,-1.000000,1.000000,0.000000,0.000000;
		decal_origin = 7.850060,-3.000000,-2.922044,0x71C06D70;
	  f far_plane = 1.100000;
	  x guid = 0x97355A29;
	  f horizontal_meters = 4.000000;
	  f lod = 1.000000;
	  f near_plane = 0.100000;
		texture = Art\Bitmaps\Decals\b_d_sn02-path.%img%;
	  f vertical_meters = 4.000000;
	}
	[t:decal,n:*]
	{
		decal_orientation = -0.031959,-0.999489,0.000000,0.000000,0.000000,-1.000000,0.999489,-0.031959,0.000000;
		decal_origin = 0.829367,1.000000,1.418600,0xA3B4F9D0;
	  f far_plane = 1.100000;
	  x guid = 0x00000000;
	  f horizontal_meters = 4.000000;
	  f lod = 1.000000;
	  f near_plane = 0.100000;
		texture = Art\Bitmaps\Decals\b_d_sn02-path.%img%;
	  f vertical_meters = 4.000000;
	}
	[t:decal,n:*]
	{
		decal_orientation = 0.000000,-1.000000,0.000000,0.000000,0.000000,-1.000000,1.000000,0.000000,0.000000;
		decal_origin = 1.630449,1.000000,-1.139163,0xA3B4F9D0;
	  f far_plane = 1.100000;
	  x guid = 0x30233B0C;
	  f horizontal_meters = 4.000000;
	  f lod = 1.000000;
	  f near_plane = 0.100000;
		texture = Art\Bitmaps\Decals\b_d_sn02-path.%img%;
	  f vertical_meters = 4.000000;
	}
	[t:decal,n:*]
	{
		decal_orientation = -0.981863,-0.189589,0.000000,0.000000,0.000000,-1.000000,0.189589,-0.981863,0.000000;
		decal_origin = 0.466727,1.000000,-0.627919,0xAC582C61;
	  f far_plane = 1.100000;
	  x guid = 0x00000000;
	  f horizontal_meters = 4.000000;
	  f lod = 1.000000;
	  f near_plane = 0.100000;
		texture = Art\Bitmaps\Decals\b_d_sn02-path.%img%;
	  f vertical_meters = 4.000000;
	}
	[t:decal,n:*]
	{
		decal_orientation = 0.994742,-0.102413,0.000000,0.000000,0.000000,-1.000000,0.102413,0.994742,0.000000;
		decal_origin = 1.304584,1.000000,-1.145024,0xAC582C61;
	  f far_plane = 1.100000;
	  x guid = 0x00000000;
	  f horizontal_meters = 4.000000;
	  f lod = 1.000000;
	  f near_plane = 0.100000;
		texture = Art\Bitmaps\Decals\b_d_sn02-path.%img%;
	  f vertical_meters = 4.000000;
	}
	[t:decal,n:*]
	{
		decal_orientation = -0.820741,0.571300,0.000000,0.000000,0.000000,-1.000000,-0.571300,-0.820741,0.000000;
		decal_origin = -1.066161,1.000000,1.914470,0xAC582C61;
	  f far_plane = 1.100000;
	  x guid = 0x00000000;
	  f horizontal_meters = 4.000000;
	  f lod = 1.000000;
	  f near_plane = 0.100000;
		texture = Art\Bitmaps\Decals\b_d_sn02-path.%img%;
	  f vertical_meters = 4.000000;
	}
	[t:decal,n:*]
	{
		decal_orientation = 0.987516,0.157522,0.000000,0.000000,0.000000,-1.000000,-0.157522,0.987516,0.000000;
		decal_origin = 0.097596,1.000000,1.266418,0xCBCB8C9B;
	  f far_plane = 1.100000;
	  x guid = 0x00000000;
	  f horizontal_meters = 4.000000;
	  f lod = 1.000000;
	  f near_plane = 0.100000;
		texture = Art\Bitmaps\Decals\b_d_sn02-path.%img%;
	  f vertical_meters = 4.000000;
	}
	[t:decal,n:*]
	{
		decal_orientation = 0.804769,0.593588,0.000000,0.000000,0.000000,-1.000000,-0.593588,0.804769,0.000000;
		decal_origin = -1.399387,1.000000,1.433777,0x226F96D8;
	  f far_plane = 1.100000;
	  x guid = 0x00000000;
	  f horizontal_meters = 4.000000;
	  f lod = 1.000000;
	  f near_plane = 0.100000;
		texture = Art\Bitmaps\Decals\b_d_sn02-path.%img%;
	  f vertical_meters = 4.000000;
	}
	[t:decal,n:*]
	{
		decal_orientation = 0.559434,0.828875,0.000000,0.000000,0.000000,-1.000000,-0.828875,0.559434,0.000000;
		decal_origin = -1.849817,1.000000,1.899055,0xCED297B6;
	  f far_plane = 1.100000;
	  x guid = 0x00000000;
	  f horizontal_meters = 4.000000;
	  f lod = 1.000000;
	  f near_plane = 0.100000;
		texture = Art\Bitmaps\Decals\b_d_sn02-path.%img%;
	  f vertical_meters = 4.000000;
	}
	[t:decal,n:*]
	{
		decal_orientation = -0.734416,-0.678699,0.000000,0.000000,0.000000,-1.000000,0.678699,-0.734416,0.000000;
		decal_origin = 0.510314,1.000000,-1.028650,0xFEBA6089;
	  f far_plane = 1.100000;
	  x guid = 0x00000000;
	  f horizontal_meters = 4.000000;
	  f lod = 1.000000;
	  f near_plane = 0.100000;
		texture = Art\Bitmaps\Decals\b_d_sn02-path.%img%;
	  f vertical_meters = 4.000000;
	}
	[t:decal,n:*]
	{
		decal_orientation = 0.331173,-0.943570,0.000000,0.000000,0.000000,-1.000000,0.943570,0.331173,0.000000;
		decal_origin = 1.853499,1.000000,-0.717268,0x7322E243;
	  f far_plane = 1.100000;
	  x guid = 0x00000000;
	  f horizontal_meters = 4.000000;
	  f lod = 1.000000;
	  f near_plane = 0.100000;
		texture = Art\Bitmaps\Decals\b_d_sn02-path.%img%;
	  f vertical_meters = 4.000000;
	}
	[t:decal,n:*]
	{
		decal_orientation = 0.788363,-0.615210,0.000000,0.000000,0.000000,-1.000000,0.615210,0.788363,0.000000;
		decal_origin = 0.230844,1.000000,-0.843369,0x10498DA5;
	  f far_plane = 1.100000;
	  x guid = 0x00000000;
	  f horizontal_meters = 4.000000;
	  f lod = 1.000000;
	  f near_plane = 0.100000;
