[decals]
{
	[t:decal,n:*]
	{
		decal_orientation = 0.989625,-0.143673,0.000000,0.000000,0.000000,-1.000000,0.143673,0.989625,0.000000;
		decal_origin = -1.642438,1.000000,-0.503826,0x4C4E69D4;
	  f far_plane = 1.100000;
	  x guid = 0x00000000;
	  f horizontal_meters = 4.000000;
	  f lod = 1.000000;
	  f near_plane = 0.100000;
		texture = Art\Bitmaps\Decals\b_d_grs02-path.%img%;
	  f vertical_meters = 4.000000;
	}
	[t:decal,n:*]
	{
		decal_orientation = -0.884970,0.465649,0.000000,0.000000,0.000000,-1.000000,-0.465649,-0.884970,0.000000;
		decal_origin = 1.404652,1.000000,1.747149,0xB8A78078;
	  f far_plane = 1.100000;
	  x guid = 0x00000000;
	  f horizontal_meters = 4.000000;
	  f lod = 1.000000;
	  f near_plane = 0.100000;
		texture = Art\Bitmaps\Decals\b_d_grs02-path.%img%;
	  f vertical_meters = 4.000000;
	}
	[t:decal,n:*]
	{
		decal_orientation = -0.923875,-0.382694,0.000000,0.000000,0.000000,-1.000000,0.382694,-0.923875,0.000000;
		decal_origin = -1.532335,1.000000,0.321174,0xB8A78078;
	  f far_plane = 1.100000;
	  x guid = 0x00000000;
	  f horizontal_meters = 4.000000;
	  f lod = 1.000000;
	  f near_plane = 0.100000;
		texture = Art\Bitmaps\Decals\b_d_grs02-path.%img%;
	  f vertical_meters = 4.000000;
	}
	[t:decal,n:*]
	{
		decal_orientation = -0.937763,-0.347276,0.000000,0.000000,0.000000,-1.000000,0.347276,-0.937763,0.000000;
		decal_origin = 1.034263,1.000000,1.814620,0xB8A78078;
	  f far_plane = 1.100000;
	  x guid = 0x00000000;
	  f horizontal_meters = 4.000000;
	  f lod = 1.000000;
	  f near_plane = 0.100000;
		texture = Art\Bitmaps\Decals\b_d_grs02-path.%img%;
	  f vertical_meters = 4.000000;
	}
	[t:decal,n:*]
	{
		decal_orientation = 0.866236,-0.499635,0.000000,0.000000,0.000000,-1.000000,0.499635,0.866236,0.000000;
		decal_origin = 0.198141,1.000000,-0.430530,0x6CE653FD;
	  f far_plane = 1.100000;
	  x guid = 0x00000000;
	  f horizontal_meters = 4.000000;
	  f lod = 1.000000;
	  f near_plane = 0.100000;
		texture = Art\Bitmaps\Decals\b_d_grs02-path.%img%;
	  f vertical_meters = 4.000000;
	}
	[t:decal,n:*]
	{
		decal_orientation = -0.885140,-0.465326,0.000000,0.000000,0.000000,-1.000000,0.465326,-0.885140,0.000000;
		decal_origin = -1.101424,1.000000,1.254947,0x6CE653FD;
	  f far_plane = 1.100000;
	  x guid = 0x00000000;
	  f horizontal_meters = 4.000000;
	  f lod = 1.000000;
	  f near_plane = 0.100000;
		texture = Art\Bitmaps\Decals\b_d_grs02-path.%img%;
	  f vertical_meters = 4.000000;
	}
	[t:decal,n:*]
	{
		decal_orientation = 0.811667,0.584121,0.000000,0.000000,0.000000,-1.000000,-0.584121,0.811667,0.000000;
		decal_origin = 0.300359,1.000000,0.938690,0x6CE653FD;
	  f far_plane = 1.100000;
	  x guid = 0x00000000;
	  f horizontal_meters = 4.000000;
	  f lod = 1.000000;
	  f near_plane = 0.100000;
		texture = Art\Bitmaps\Decals\b_d_grs02-path.%img%;
	  f vertical_meters = 4.000000;
	}
	[t:decal,n:*]
	{
		decal_orientation = 0.696599,0.717461,0.000000,0.000000,0.000000,-1.000000,-0.717461,0.696599,0.000000;
		decal_origin = 0.998162,1.000000,-0.867953,0x784EC315;
	  f far_plane = 1.100000;
	  x guid = 0x00000000;
	  f horizontal_meters = 4.000000;
	  f lod = 1.000000;
	  f near_plane = 0.100000;
		texture = Art\Bitmaps\Decals\b_d_grs02-path.%img%;
	  f vertical_meters = 4.000000;
	}
	[t:decal,n:*]
	{
		decal_orientation = -0.005869,-0.999983,0.000000,0.000000,0.000000,-1.000000,0.999983,-0.005869,0.000000;
		decal_origin = 1.030558,1.000000,-0.720999,0x3F8E1F71;
	  f far_plane = 1.100000;
	  x guid = 0x00000000;
	  f horizontal_meters = 4.000000;
	  f lod = 1.000000;
	  f near_plane = 0.100000;
		texture = Art\Bitmaps\Decals\b_d_grs02-path.%img%;
	  f vertical_meters = 4.000000;
	}
	[t:decal,n:*]
	{
		decal_orientation = 0.976537,0.215349,0.000000,0.000000,0.000000,-1.000000,-0.215349,0.976537,0.000000;
		decal_origin = 0.661205,1.000000,-0.733617,0x3F8E1F71;
	  f far_plane = 1.100000;
	  x guid = 0x00000000;
	  f horizontal_meters = 4.000000;
	  f lod = 1.000000;
	  f near_plane = 0.100000;
		texture = Art\Bitmaps\Decals\b_d_grs02-path.%img%;
	  f vertical_meters = 4.000000;
	}
	[t:decal,n:*]
	{
		decal_orientation = 0.561064,0.827773,0.000000,0.000000,0.000000,-1.000000,-0.827773,0.561064,0.000000;
		decal_origin = -1.304367,1.000000,-1.323759,0xE44D4DA4;
	  f far_plane = 1.100000;
	  x guid = 0x00000000;
	  f horizontal_meters = 4.000000;
	  f lod = 1.000000;
	  f near_plane = 0.100000;
		texture = Art\Bitmaps\Decals\b_d_grs02-path.%img%;
	  f vertical_meters = 4.000000;
	}
	[t:decal,n:*]
	{
		decal_orientation = -0.570993,-0.820955,0.000000,0.000000,0.000000,-1.000000,0.820955,-0.570993,0.000000;
		decal_origin = 0.060142,1.000000,0.004866,0x6C2F948C;
	  f far_plane = 1.100000;
	  x guid = 0x00000000;
	  f horizontal_meters = 4.000000;
	  f lod = 1.000000;
	  f near_plane = 0.100000;
		texture = Art\Bitmaps\Decals\b_d_grs02-path.%img%;
	  f vertical_meters = 4.000000;
	}
	[t:decal,n:*]
	{
		decal_orientation = 0.888865,0.458169,0.000000,0.000000,0.000000,-1.000000,-0.458169,0.888865,0.000000;
		decal_origin = 1.979313,1.000000,0.804526,0x2FF6B235;
	  f far_plane = 1.100000;
	  x guid = 0x00000000;
	  f horizontal_meters = 4.000000;
	  f lod = 1.000000;
	  f near_plane = 0.100000;
		texture = Art\Bitmaps\Decals\b_d_grs02-path.%img%;
	  f vertical_meters = 4.000000;
	}
	[t:decal,n:*]
	{
		decal_orientation = -0.210691,-0.977553,0.000000,0.000000,0.000000,-1.000000,0.977553,-0.210691,0.000000;
		decal_origin = 0.549671,1.000000,1.895717,0xCEAD84DD;
	  f far_plane = 1.100000;
	  x guid = 0x00000000;
	  f horizontal_meters = 4.000000;
	  f lod = 1.000000;
	  f near_plane = 0.100000;
		texture = Art\Bitmaps\Decals\b_d_grs02-path.%img%;
	  f vertical_meters = 4.000000;
	}
	[t:decal,n:*]
	{
		decal_orientation = 0.020233,-0.999795,0.000000,0.000000,0.000000,-1.000000,0.999795,0.020233,0.000000;
		decal_origin = 1.269514,1.000000,-0.749428,0xCEAD84DD;
	  f far_plane = 1.100000;
	  x guid = 0x00000000;
	  f horizontal_meters = 4.000000;
	  f lod = 1.000000;
	  f near_plane = 0.100000;
		texture = Art\Bitmaps\Decals\b_d_grs02-path.%img%;
	  f vertical_meters = 4.000000;
	}
	[t:decal,n:*]
	{
		decal_orientation = 0.996690,0.081291,0.000000,0.000000,0.000000,-1.000000,-0.081291,0.996690,0.000000;
		decal_origin = -1.552183,1.000000,-0.963371,0xCEAD84DD;
	  f far_plane = 1.100000;
	  x guid = 0x00000000;
	  f horizontal_meters = 4.000000;
	  f lod = 1.000000;
	  f near_plane = 0.100000;
		texture = Art\Bitmaps\Decals\b_d_grs02-path.%img%;
	  f vertical_meters = 4.000000;
	}
	[t:decal,n:*]
	{
		decal_orientation = -0.614263,0.789101,0.000000,0.000000,0.000000,-1.000000,-0.789101,-0.614263,0.000000;
		decal_origin = -0.097785,1.000000,-1.745851,0xCEAD84DD;
	  f far_plane = 1.100000;
	  x guid = 0x00000000;
	  f horizontal_meters = 4.000000;
	  f lod = 1.000000;
	  f near_plane = 0.100000;
		texture = Art\Bitmaps\Decals\b_d_grs02-path.%img%;
	  f vertical_meters = 4.000000;
	}
	[t:decal,n:*]
	{
		decal_orientation = 0.000000,-1.000000,0.000000,0.000000,0.000000,-1.000000,1.000000,0.000000,0.000000;
		decal_origin = -1.447725,-2.000000,1.076504,0x07A5FD47;
	  f far_plane = 1.100000;
	  x guid = 0x14286EC1;
	  f horizontal_meters = 4.000000;
	  f lod = 1.000000;
	  f near_plane = 0.100000;
		texture = Art\Bitmaps\Decals\b_d_grs02-path.%img%;
	  f vertical_meters = 4.000000;
	}
	[t:decal,n:*]
	{
		decal_orientation = 0.000000,-1.000000,0.000000,0.000000,0.000000,-1.000000,1.000000,0.000000,0.000000;
		decal_origin = 0.632607,-2.000000,1.982934,0x07A5FD47;
	  f far_plane = 1.100000;
	  x guid = 0x2365C3E7;
	  f horizontal_meters = 4.000000;
	  f lod = 1.000000;
	  f near_plane = 0.100000;
		texture = Art\Bitmaps\Decals\b_d_grs02-path.%img%;
	  f vertical_meters = 4.000000;
	}
	[t:decal,n:*]
	{
		decal_orientation = 0.000000,-1.000000,0.000000,0.000000,0.000000,-1.000000,1.000000,0.000000,0.000000;
		decal_origin = 2.679214,-1.999999,-0.799763,0x07A5FD47;
	  f far_plane = 1.100000;
	  x guid = 0x7D9FCE01;
	  f horizontal_meters = 4.000000;
	  f lod = 1.000000;
	  f near_plane = 0.100000;
		texture = Art\Bitmaps\Decals\b_d_grs02-path.%img%;
	  f vertical_meters = 4.000000;
	}
	[t:decal,n:*]
	{
		decal_orientation = 0.000000,-1.000000,0.000000,0.000000,0.000000,-1.000000,1.000000,0.000000,0.000000;
		decal_origin = -1.023643,-2.000000,0.114944,0x07A5FD47;
	  f far_plane = 1.100000;
	  x guid = 0x21BF0ACE;
	  f horizontal_meters = 4.000000;
	  f lod = 1.000000;
	  f near_plane = 0.100000;
		texture = Art\Bitmaps\Decals\b_d_grs02-a.%img%;
	  f vertical_meters = 4.000000;
	}
	[t:decal,n:*]
	{
		decal_orientation = 0.963993,0.000884,-0.265927,0.000000,0.999995,0.003324,0.265929,-0.003204,0.963987;
		decal_origin = -0.826393,-1.226986,2.032006,0x07A5FD47;
	  f far_plane = 1.100000;
	  x guid = 0x167F0A7D;
	  f horizontal_meters = 4.000000;
	  f lod = 1.000000;
	  f near_plane = 0.100000;
		texture = Art\Bitmaps\Decals\b_d_dust-a.%img%;
	  f vertical_meters = 4.000000;
	}
	[t:decal,n:*]
	{
		decal_orientation = 0.244365,0.002962,0.969679,0.000000,0.999995,-0.003055,-0.969683,0.000746,0.244364;
		decal_origin = 3.176730,-1.359148,-0.222370,0x07A5FD47;
	  f far_plane = 1.100000;
	  x guid = 0x9C8E341D;
	  f horizontal_meters = 4.000000;
	  f lod = 1.000000;
	  f near_plane = 0.100000;
		texture = Art\Bitmaps\Decals\b_d_dust-a.%img%;
	  f vertical_meters = 4.000000;
	}
	[t:decal,n:*]
	{
		decal_orientation = 0.000000,-1.000000,0.000000,0.000000,0.000000,-1.000000,1.000000,0.000000,0.000000;
		decal_origin = 1.955015,-2.000000,2.044479,0x07A5FD47;
	  f far_plane = 1.100000;
	  x guid = 0x8026B7FE;
	  f horizontal_meters = 4.000000;
	  f lod = 1.000000;
	  f near_plane = 0.100000;
		texture = Art\Bitmaps\Decals\b_d_fshade.%img%;
	  f vertical_meters = 4.000000;
	}
	[t:decal,n:*]
	{
		decal_orientation = 0.000000,-1.000000,0.000000,0.000000,0.000000,-1.000000,1.000000,0.000000,0.000000;
		decal_origin = 3.091827,-2.000000,-1.020393,0x07A5FD47;
	  f far_plane = 1.100000;
	  x guid = 0x374924B4;
	  f horizontal_meters = 4.000000;
	  f lod = 1.000000;
	  f near_plane = 0.100000;
		texture = Art\Bitmaps\Decals\b_d_fshade.%img%;
	  f vertical_meters = 4.000000;
	}
	[t:decal,n:*]
	{
		decal_orientation = 0.899188,0.437562,0.000000,0.000000,0.000000,-1.000000,-0.437562,0.899188,0.000000;
		decal_origin = 0.835179,1.000000,1.032298,0x8EE6AEE4;
	  f far_plane = 1.100000;
	  x guid = 0x00000000;
	  f horizontal_meters = 4.000000;
	  f lod = 1.000000;
	  f near_plane = 0.100000;
		texture = Art\Bitmaps\Decals\b_d_grs02-path.%img%;
	  f vertical_meters = 4.000000;
	}
	[t:decal,n:*]
	{
		decal_orientation = 0.759483,-0.650527,0.000000,0.000000,0.000000,-1.000000,0.650527,0.759483,0.000000;
		decal_origin = 0.713131,1.000000,-0.138563,0xCAC54C13;
	  f far_plane = 1.100000;
	  x guid = 0x00000000;
	  f horizontal_meters = 4.000000;
	  f lod = 1.000000;
	  f near_plane = 0.100000;
		texture = Art\Bitmaps\Decals\b_d_grs02-path.%img%;
	  f vertical_meters = 4.000000;
	}
	[t:decal,n:*]
	{
		decal_orientation = -0.998522,-0.054347,0.000000,0.000000,0.000000,-1.000000,0.054347,-0.998522,0.000000;
		decal_origin = 1.278344,1.000000,1.523548,0xFF8862A7;
	  f far_plane = 1.100000;
	  x guid = 0x00000000;
	  f horizontal_meters = 4.000000;
	  f lod = 1.000000;
	  f near_plane = 0.100000;
		texture = Art\Bitmaps\Decals\b_d_grs02-path.%img%;
	  f vertical_meters = 4.000000;
	}
	[t:decal,n:*]
	{
		decal_orientation = 0.258575,0.965991,0.000000,0.000000,0.000000,-1.000000,-0.965991,0.258575,0.000000;
		decal_origin = -0.201660,1.000000,-1.977428,0xFF8862A7;
	  f far_plane = 1.100000;
	  x guid = 0x00000000;
	  f horizontal_meters = 4.000000;
	  f lod = 1.000000;
	  f near_plane = 0.100000;
		texture = Art\Bitmaps\Decals\b_d_grs02-path.%img%;
	  f vertical_meters = 4.000000;
	}
	[t:decal,n:*]
	{
		decal_orientation = 0.373287,0.927716,0.000000,0.000000,0.000000,-1.000000,-0.927716,0.373287,0.000000;
		decal_origin = 1.910779,1.000000,-1.489671,0x7E9B1051;
	  f far_plane = 1.100000;
	  x guid = 0x00000000;
	  f horizontal_meters = 4.000000;
	  f lod = 1.000000;
	  f near_plane = 0.100000;
		texture = Art\Bitmaps\Decals\b_d_grs02-path.%img%;
	  f vertical_meters = 4.000000;
	}
	[t:decal,n:*]
	{
		decal_orientation = 0.873513,0.486801,0.000000,0.000000,0.000000,-1.000000,-0.486801,0.873513,0.000000;
		decal_origin = 0.788206,1.000000,0.247246,0x4E538758;
	  f far_plane = 1.100000;
	  x guid = 0x00000000;
	  f horizontal_meters = 4.000000;
	  f lod = 1.000000;
	  f near_plane = 0.100000;
		texture = Art\Bitmaps\Decals\b_d_grs02-path.%img%;
	  f vertical_meters = 4.000000;
	}
	[t:decal,n:*]
	{
		decal_orientation = -0.601716,0.798710,0.000000,0.000000,0.000000,-1.000000,-0.798710,-0.601716,0.000000;
		decal_origin = -1.591992,1.000000,-0.937584,0x4E538758;
	  f far_plane = 1.100000;
	  x guid = 0x00000000;
	  f horizontal_meters = 4.000000;
	  f lod = 1.000000;
	  f near_plane = 0.100000;
		texture = Art\Bitmaps\Decals\b_d_grs02-path.%img%;
	  f vertical_meters = 4.000000;
	}
	[t:decal,n:*]
	{
		decal_orientation = 0.633716,0.773566,0.000000,0.000000,0.000000,-1.000000,-0.773566,0.633716,0.000000;
		decal_origin = 0.675553,1.000000,0.229605,0xD4C8F1B1;
	  f far_plane = 1.100000;
	  x guid = 0x00000000;
	  f horizontal_meters = 4.000000;
	  f lod = 1.000000;
	  f near_plane = 0.100000;
		texture = Art\Bitmaps\Decals\b_d_grs02-path.%img%;
	  f vertical_meters = 4.000000;
	}
	[t:decal,n:*]
	{
		decal_orientation = 0.165938,0.986136,0.000000,0.000000,0.000000,-1.000000,-0.986136,0.165938,0.000000;
		decal_origin = -1.811668,1.000000,1.485911,0x6FD71172;
	  f far_plane = 1.100000;
	  x guid = 0x00000000;
	  f horizontal_meters = 4.000000;
	  f lod = 1.000000;
	  f near_plane = 0.100000;
		texture = Art\Bitmaps\Decals\b_d_grs02-path.%img%;
	  f vertical_meters = 4.000000;
	}
	[t:decal,n:*]
	{
		decal_orientation = 0.208702,-0.977979,0.000000,0.000000,0.000000,-1.000000,0.977979,0.208702,0.000000;
		decal_origin = 0.336339,1.000000,-1.092603,0x614942AE;
	  f far_plane = 1.100000;
	  x guid = 0x00000000;
	  f horizontal_meters = 4.000000;
	  f lod = 1.000000;
	  f near_plane = 0.100000;
		texture = Art\Bitmaps\Decals\b_d_grs02-path.%img%;
	  f vertical_meters = 4.000000;
	}
	[t:decal,n:*]
	{
		decal_orientation = -0.889199,-0.457521,0.000000,0.000000,0.000000,-1.000000,0.457521,-0.889199,0.000000;
		decal_origin = -1.768088,1.000000,1.243602,0x614942AE;
	  f far_plane = 1.100000;
	  x guid = 0x00000000;
	  f horizontal_meters = 4.000000;
	  f lod = 1.000000;
	  f near_plane = 0.100000;
		texture = Art\Bitmaps\Decals\b_d_grs02-path.%img%;
	  f vertical_meters = 4.000000;
	}
	[t:decal,n:*]
	{
		decal_orientation = 0.000000,-1.000000,0.000000,0.000000,0.000000,-1.000000,1.000000,0.000000,0.000000;
		decal_origin = 1.514844,1.000000,-0.790974,0x6165E4AC;
	  f far_plane = 1.100000;
	  x guid = 0x26F6F1E8;
	  f horizontal_meters = 4.000000;
	  f lod = 1.000000;
	  f near_plane = 0.100000;
		texture = Art\Bitmaps\Decals\b_d_grs02-path.%img%;
	  f vertical_meters = 4.000000;
	}
	[t:decal,n:*]
	{
		decal_orientation = 0.000000,-1.000000,0.000000,0.000000,0.000000,-1.000000,1.000000,0.000000,0.000000;
		decal_origin = 1.489514,1.000000,1.312871,0x6165E4AC;
	  f far_plane = 1.100000;
	  x guid = 0xF8E4569D;
	  f horizontal_meters = 4.000000;
	  f lod = 1.000000;
	  f near_plane = 0.100000;
		texture = Art\Bitmaps\Decals\b_d_grs02-path.%img%;
	  f vertical_meters = 4.000000;
	}
	[t:decal,n:*]
	{
		decal_orientation = 0.868243,0.494365,0.041916,0.000000,0.084485,-0.996425,-0.496139,0.865139,0.073353;
		decal_origin = -1.155033,-1.048211,-3.693009,0x1CC2A0A6;
	  f far_plane = 1.100000;
	  x guid = 0x27E584D7;
	  f horizontal_meters = 4.000000;
	  f lod = 1.000000;
	  f near_plane = 0.100000;
		texture = Art\Bitmaps\Decals\b_d_grs02-a.%img%;
	  f vertical_meters = 4.000000;
	}
	[t:decal,n:*]
	{
		decal_orientation = -0.898741,-0.438481,0.000000,0.000000,0.000000,-1.000000,0.438481,-0.898741,0.000000;
		decal_origin = 0.339368,1.000000,1.596997,0x78551D95;
	  f far_plane = 1.100000;
	  x guid = 0x00000000;
	  f horizontal_meters = 4.000000;
	  f lod = 1.000000;
	  f near_plane = 0.100000;
		texture = Art\Bitmaps\Decals\b_d_grs02-path.%img%;
	  f vertical_meters = 4.000000;
	}
	[t:decal,n:*]
	{
		decal_orientation = 0.145920,-0.989296,0.000000,0.000000,0.000000,-1.000000,0.989296,0.145920,0.000000;
		decal_origin = 1.352188,1.000000,1.005672,0x96D43986;
	  f far_plane = 1.100000;
	  x guid = 0x00000000;
	  f horizontal_meters = 4.000000;
	  f lod = 1.000000;
	  f near_plane = 0.100000;
		texture = Art\Bitmaps\Decals\b_d_grs02-path.%img%;
	  f vertical_meters = 4.000000;
	}
	[t:decal,n:*]
	{
		decal_orientation = -0.119668,-0.992814,0.000000,0.000000,0.000000,-1.000000,0.992814,-0.119668,0.000000;
		decal_origin = 1.011675,1.000000,-1.312994,0x96D43986;
	  f far_plane = 1.100000;
	  x guid = 0x00000000;
	  f horizontal_meters = 4.000000;
	  f lod = 1.000000;
	  f near_plane = 0.100000;
		texture = Art\Bitmaps\Decals\b_d_grs02-path.%img%;
	  f vertical_meters = 4.000000;
	}
	[t:decal,n:*]
	{
		decal_orientation = 0.000000,-1.000000,0.000000,0.000000,0.000000,-1.000000,1.000000,0.000000,0.000000;
		decal_origin = 3.511322,1.000000,-1.545812,0x96D43986;
	  f far_plane = 1.100000;
	  x guid = 0x25578538;
	  f horizontal_meters = 4.000000;
	  f lod = 1.000000;
	  f near_plane = 0.100000;
		texture = Art\Bitmaps\Decals\b_d_grs02-path.%img%;
	  f vertical_meters = 4.000000;
	}
	[t:decal,n:*]
	{
		decal_orientation = 0.000000,-1.000000,0.000000,0.000000,0.000000,-1.000000,1.000000,0.000000,0.000000;
		decal_origin = 3.258563,1.000000,0.523852,0x96D43986;
	  f far_plane = 1.100000;
	  x guid = 0x67C911B3;
	  f horizontal_meters = 4.000000;
	  f lod = 1.000000;
	  f near_plane = 0.100000;
		texture = Art\Bitmaps\Decals\b_d_grs02-path.%img%;
	  f vertical_meters = 4.000000;
	}
	[t:decal,n:*]
	{
		decal_orientation = 0.000000,-1.000000,0.000000,0.000000,0.000000,-1.000000,1.000000,0.000000,0.000000;
		decal_origin = 3.492008,1.000000,1.871870,0x96D43986;
	  f far_plane = 1.100000;
	  x guid = 0xB5546116;
	  f horizontal_meters = 4.000000;
	  f lod = 1.000000;
	  f near_plane = 0.100000;
		texture = Art\Bitmaps\Decals\b_d_grs02-path.%img%;
	  f vertical_meters = 4.000000;
	}
	[t:decal,n:*]
	{
		decal_orientation = 0.000000,-1.000000,0.000000,0.000000,0.000000,-1.000000,1.000000,0.000000,0.000000;
		decal_origin = 1.606774,1.000000,-0.744971,0x77191470;
	  f far_plane = 1.100000;
	  x guid = 0x1EF0F193;
	  f horizontal_meters = 4.000000;
	  f lod = 1.000000;
	  f near_plane = 0.100000;
		texture = Art\Bitmaps\Decals\b_d_grs02-a.%img%;
	  f vertical_meters = 4.000000;
	}
	[t:decal,n:*]
	{
		decal_orientation = 0.000000,-1.000000,0.000000,0.000000,0.000000,-1.000000,1.000000,0.000000,0.000000;
		decal_origin = 1.930035,1.000002,1.435929,0x77191470;
	  f far_plane = 1.100000;
	  x guid = 0x69A69FBF;
	  f horizontal_meters = 4.000000;
	  f lod = 1.000000;
	  f near_plane = 0.100000;
		texture = Art\Bitmaps\Decals\b_d_grs02-a.%img%;
	  f vertical_meters = 4.000000;
	}
	[t:decal,n:*]
	{
		decal_orientation = 0.207510,0.978233,0.000000,0.000000,0.000000,-1.000000,-0.978233,0.207510,0.000000;
		decal_origin = -0.491492,1.000000,0.778814,0x4446D794;
	  f far_plane = 1.100000;
	  x guid = 0x00000000;
	  f horizontal_meters = 4.000000;
	  f lod = 1.000000;
	  f near_plane = 0.100000;
		texture = Art\Bitmaps\Decals\b_d_grs02-path.%img%;
	  f vertical_meters = 4.000000;
	}
	[t:decal,n:*]
	{
		decal_orientation = -0.597513,0.801859,0.000000,0.000000,0.000000,-1.000000,-0.801859,-0.597513,0.000000;
		decal_origin = 0.805798,1.000000,-1.810658,0x2CAB4F97;
	  f far_plane = 1.100000;
	  x guid = 0x00000000;
	  f horizontal_meters = 4.000000;
	  f lod = 1.000000;
	  f near_plane = 0.100000;
		texture = Art\Bitmaps\Decals\b_d_grs02-path.%img%;
	  f vertical_meters = 4.000000;
	}
	[t:decal,n:*]
	{
		decal_orientation = -0.993067,0.117553,0.000000,0.000000,0.000000,-1.000000,-0.117553,-0.993067,0.000000;
		decal_origin = 0.405213,1.000000,1.695474,0x0C9CC986;
	  f far_plane = 1.100000;
	  x guid = 0x00000000;
	  f horizontal_meters = 4.000000;
	  f lod = 1.000000;
	  f near_plane = 0.100000;
		texture = Art\Bitmaps\Decals\b_d_grs02-path.%img%;
	  f vertical_meters = 4.000000;
	}
	[t:decal,n:*]
	{
		decal_orientation = 0.000000,-1.000000,0.000000,0.000000,0.000000,-1.000000,1.000000,0.000000,0.000000;
		decal_origin = 1.917018,1.000000,-0.968522,0x0C9CC986;
	  f far_plane = 1.100000;
	  x guid = 0x427D3A71;
	  f horizontal_meters = 4.000000;
	  f lod = 1.000000;
	  f near_plane = 0.100000;
		texture = Art\Bitmaps\Decals\b_d_grs02-a.%img%;
	  f vertical_meters = 4.000000;
	}
	[t:decal,n:*]
	{
		decal_orientation = -0.988898,-0.148596,0.000000,0.000000,0.000000,-1.000000,0.148596,-0.988898,0.000000;
		decal_origin = -0.417140,1.000000,-0.545914,0x2F328655;
	  f far_plane = 1.100000;
	  x guid = 0x00000000;
	  f horizontal_meters = 4.000000;
	  f lod = 1.000000;
	  f near_plane = 0.100000;
		texture = Art\Bitmaps\Decals\b_d_grs02-path.%img%;
	  f vertical_meters = 4.000000;
	}
	[t:decal,n:*]
	{
		decal_orientation = 0.860814,-0.508919,0.000000,0.000000,0.000000,-1.000000,0.508919,0.860814,0.000000;
		decal_origin = -1.631864,1.000000,0.201742,0x1CDD8D8B;
	  f far_plane = 1.100000;
	  x guid = 0x00000000;
	  f horizontal_meters = 4.000000;
	  f lod = 1.000000;
	  f near_plane = 0.100000;
		texture = Art\Bitmaps\Decals\b_d_grs02-path.%img%;
	  f vertical_meters = 4.000000;
	}
	[t:decal,n:*]
	{
		decal_orientation = 0.906696,0.421785,0.000000,0.000000,0.000000,-1.000000,-0.421785,0.906696,0.000000;
		decal_origin = -0.045105,1.000000,-1.355639,0xB519BCCD;
	  f far_plane = 1.100000;
	  x guid = 0x00000000;
	  f horizontal_meters = 4.000000;
	  f lod = 1.000000;
	  f near_plane = 0.100000;
		texture = Art\Bitmaps\Decals\b_d_grs02-path.%img%;
	  f vertical_meters = 4.000000;
	}
	[t:decal,n:*]
	{
		decal_orientation = 0.516259,0.856432,0.000000,0.000000,0.000000,-1.000000,-0.856432,0.516259,0.000000;
		decal_origin = -0.075648,1.000000,-0.227411,0xB519BCCD;
	  f far_plane = 1.100000;
	  x guid = 0x00000000;
	  f horizontal_meters = 4.000000;
	  f lod = 1.000000;
	  f near_plane = 0.100000;
		texture = Art\Bitmaps\Decals\b_d_grs02-path.%img%;
	  f vertical_meters = 4.000000;
	}
	[t:decal,n:*]
	{
		decal_orientation = 0.972577,0.232582,0.000000,0.000000,0.000000,-1.000000,-0.232582,0.972577,0.000000;
		decal_origin = -1.568251,1.000000,-1.817142,0xEF5E442D;
	  f far_plane = 1.100000;
	  x guid = 0x00000000;
	  f horizontal_meters = 4.000000;
	  f lod = 1.000000;
	  f near_plane = 0.100000;
		texture = Art\Bitmaps\Decals\b_d_grs02-path.%img%;
	  f vertical_meters = 4.000000;
	}
	[t:decal,n:*]
	{
		decal_orientation = -0.794495,-0.607271,0.000000,0.000000,0.000000,-1.000000,0.607271,-0.794495,0.000000;
		decal_origin = 0.203823,1.000000,0.775911,0xC42DDBA1;
	  f far_plane = 1.100000;
	  x guid = 0x00000000;
	  f horizontal_meters = 4.000000;
	  f lod = 1.000000;
	  f near_plane = 0.100000;
		texture = Art\Bitmaps\Decals\b_d_grs02-path.%img%;
	  f vertical_meters = 4.000000;
	}
	[t:decal,n:*]
	{
		decal_orientation = -0.983739,-0.179601,0.000000,0.000000,0.000000,-1.000000,0.179601,-0.983739,0.000000;
		decal_origin = -0.623100,1.000000,-0.069503,0x0E11767C;
	  f far_plane = 1.100000;
	  x guid = 0x00000000;
	  f horizontal_meters = 4.000000;
	  f lod = 1.000000;
	  f near_plane = 0.100000;
		texture = Art\Bitmaps\Decals\b_d_grs02-path.%img%;
	  f vertical_meters = 4.000000;
	}
	[t:decal,n:*]
	{
		decal_orientation = -0.648569,-0.761156,0.000000,0.000000,0.000000,-1.000000,0.761156,-0.648569,0.000000;
		decal_origin = -1.463183,1.000000,-0.003863,0x0E11767C;
	  f far_plane = 1.100000;
	  x guid = 0x00000000;
	  f horizontal_meters = 4.000000;
	  f lod = 1.000000;
	  f near_plane = 0.100000;
		texture = Art\Bitmaps\Decals\b_d_grs02-path.%img%;
	  f vertical_meters = 4.000000;
	}
	[t:decal,n:*]
	{
		decal_orientation = 0.751761,-0.659435,0.000000,0.000000,0.000000,-1.000000,0.659435,0.751761,0.000000;
		decal_origin = 0.174070,1.000000,-1.492826,0x460FBCE9;
	  f far_plane = 1.100000;
	  x guid = 0x00000000;
	  f horizontal_meters = 4.000000;
	  f lod = 1.000000;
	  f near_plane = 0.100000;
		texture = Art\Bitmaps\Decals\b_d_grs02-path.%img%;
	  f vertical_meters = 4.000000;
	}
	[t:decal,n:*]
	{
		decal_orientation = 0.000000,-1.000000,0.000000,0.000000,0.000000,-1.000000,1.000000,0.000000,0.000000;
		decal_origin = 0.831215,0.999998,1.360089,0x0AD35CAA;
	  f far_plane = 1.100000;
	  x guid = 0x50251FC2;
	  f horizontal_meters = 4.000000;
	  f lod = 1.000000;
	  f near_plane = 0.100000;
		texture = Art\Bitmaps\Decals\b_d_grs02-path.%img%;
	  f vertical_meters = 4.000000;
	}
	[t:decal,n:*]
	{
		decal_orientation = 0.000000,-1.000000,0.000000,0.000000,0.000000,-1.000000,1.000000,0.000000,0.000000;
		decal_origin = 1.714103,0.999998,-0.924393,0x0AD35CAA;
	  f far_plane = 1.100000;
	  x guid = 0xD02CE7A0;
	  f horizontal_meters = 4.000000;
	  f lod = 1.000000;
	  f near_plane = 0.100000;
		texture = Art\Bitmaps\Decals\b_d_grs02-path.%img%;
	  f vertical_meters = 4.000000;
	}
	[t:decal,n:*]
	{
		decal_orientation = 0.000000,-1.000000,0.000000,0.000000,0.000000,-1.000000,1.000000,0.000000,0.000000;
		decal_origin = -1.123034,1.000000,1.402773,0x0AD35CAA;
	  f far_plane = 1.100000;
	  x guid = 0x03817E66;
	  f horizontal_meters = 4.000000;
	  f lod = 1.000000;
	  f near_plane = 0.100000;
		texture = Art\Bitmaps\Decals\b_d_grs02-path.%img%;
	  f vertical_meters = 4.000000;
	}
	[t:decal,n:*]
	{
		decal_orientation = 0.000000,-1.000000,0.000000,0.000000,0.000000,-1.000000,1.000000,0.000000,0.000000;
		decal_origin = -1.040418,-1.050001,-3.848520,0xE458B17E;
	  f far_plane = 1.100000;
	  x guid = 0x23536458;
	  f horizontal_meters = 4.000000;
	  f lod = 1.000000;
	  f near_plane = 0.100000;
		texture = Art\Bitmaps\Decals\b_d_grs02-path.%img%;
	  f vertical_meters = 4.000000;
	}
	[t:decal,n:*]
	{
		decal_orientation = 0.000000,-1.000000,0.000000,0.000000,0.000000,-1.000000,1.000000,0.000000,0.000000;
		decal_origin = 1.442596,1.000000,1.526417,0xE2E16055;
	  f far_plane = 1.100000;
	  x guid = 0xAE298751;
	  f horizontal_meters = 4.000000;
	  f lod = 1.000000;
	  f near_plane = 0.100000;
		texture = Art\Bitmaps\Decals\b_d_grs02-path.%img%;
	  f vertical_meters = 4.000000;
	}
	[t:decal,n:*]
	{
		decal_orientation = -0.707107,-0.707107,0.000000,0.000000,-0.000000,-1.000000,0.707107,-0.707107,0.000000;
		decal_origin = -1.035263,1.000000,1.852936,0xE2E16055;
	  f far_plane = 1.100000;
	  x guid = 0xC6B5CEE4;
	  f horizontal_meters = 4.000000;
	  f lod = 1.000000;
	  f near_plane = 0.100000;
		texture = Art\Bitmaps\Decals\b_d_grs02-path.%img%;
	  f vertical_meters = 4.000000;
	}
	[t:decal,n:*]
	{
		decal_orientation = 0.177194,-0.984176,0.000000,0.000000,0.000000,-1.000000,0.984176,0.177194,0.000000;
		decal_origin = -0.351296,1.000000,-0.618666,0x91C18AFB;
	  f far_plane = 1.100000;
	  x guid = 0x00000000;
	  f horizontal_meters = 4.000000;
	  f lod = 1.000000;
	  f near_plane = 0.100000;
		texture = Art\Bitmaps\Decals\b_d_grs02-path.%img%;
	  f vertical_meters = 4.000000;
	}
	[t:decal,n:*]
	{
		decal_orientation = 0.000000,-1.000000,0.000000,0.000000,0.000000,-1.000000,1.000000,0.000000,0.000000;
		decal_origin = 1.119378,1.000004,1.677156,0x91C18AFB;
	  f far_plane = 1.100000;
	  x guid = 0xCB892E3B;
	  f horizontal_meters = 4.000000;
	  f lod = 1.000000;
	  f near_plane = 0.100000;
		texture = Art\Bitmaps\Decals\b_d_grs02-path.%img%;
	  f vertical_meters = 4.000000;
	}
	[t:decal,n:*]
	{
		decal_orientation = 0.000000,-1.000000,0.000000,0.000000,0.000000,-1.000000,1.000000,0.000000,0.000000;
		decal_origin = 1.750265,1.000000,-0.298213,0x91C18AFB;
	  f far_plane = 1.100000;
	  x guid = 0xF67F870F;
	  f horizontal_meters = 4.000000;
	  f lod = 1.000000;
	  f near_plane = 0.100000;
		texture = Art\Bitmaps\Decals\b_d_grs02-path.%img%;
	  f vertical_meters = 4.000000;
	}
	[t:decal,n:*]
	{
		decal_orientation = 0.964742,-0.263198,0.000000,0.000000,0.000000,-1.000000,0.263198,0.964742,0.000000;
		decal_origin = -0.054104,1.000000,0.248381,0x8FF6FA71;
	  f far_plane = 1.100000;
	  x guid = 0x00000000;
	  f horizontal_meters = 4.000000;
	  f lod = 1.000000;
	  f near_plane = 0.100000;
		texture = Art\Bitmaps\Decals\b_d_grs02-path.%img%;
	  f vertical_meters = 4.000000;
	}
	[t:decal,n:*]
	{
		decal_orientation = 0.532714,-0.846295,0.000000,0.000000,0.000000,-1.000000,0.846295,0.532714,0.000000;
		decal_origin = -1.220596,1.000000,-0.428348,0x8FF6FA71;
	  f far_plane = 1.100000;
	  x guid = 0x00000000;
	  f horizontal_meters = 4.000000;
	  f lod = 1.000000;
	  f near_plane = 0.100000;
		texture = Art\Bitmaps\Decals\b_d_grs02-path.%img%;
	  f vertical_meters = 4.000000;
	}
	[t:decal,n:*]
	{
		decal_orientation = -0.597271,0.802039,0.000000,0.000000,0.000000,-1.000000,-0.802039,-0.597271,0.000000;
		decal_origin = -0.723281,1.000000,-1.034884,0x5EAC977F;
	  f far_plane = 1.100000;
	  x guid = 0x00000000;
	  f horizontal_meters = 4.000000;
	  f lod = 1.000000;
	  f near_plane = 0.100000;
		texture = Art\Bitmaps\Decals\b_d_grs02-path.%img%;
	  f vertical_meters = 4.000000;
	}
	[t:decal,n:*]
	{
		decal_orientation = -0.536909,0.843640,0.000000,0.000000,0.000000,-1.000000,-0.843640,-0.536909,0.000000;
		decal_origin = -0.148960,1.000000,0.430704,0x438403A0;
	  f far_plane = 1.100000;
	  x guid = 0x00000000;
	  f horizontal_meters = 4.000000;
	  f lod = 1.000000;
	  f near_plane = 0.100000;
		texture = Art\Bitmaps\Decals\b_d_grs02-path.%img%;
	  f vertical_meters = 4.000000;
	}
	[t:decal,n:*]
	{
		decal_orientation = -0.729833,0.683625,0.000000,0.000000,0.000000,-1.000000,-0.683625,-0.729833,0.000000;
		decal_origin = -1.885615,1.000000,-0.071577,0x44694274;
	  f far_plane = 1.100000;
	  x guid = 0x00000000;
	  f horizontal_meters = 4.000000;
	  f lod = 1.000000;
	  f near_plane = 0.100000;
		texture = Art\Bitmaps\Decals\b_d_grs02-path.%img%;
	  f vertical_meters = 4.000000;
	}
	[t:decal,n:*]
	{
		decal_orientation = -0.993087,-0.117385,0.000000,0.000000,0.000000,-1.000000,0.117385,-0.993087,0.000000;
		decal_origin = 1.877682,1.000000,0.083416,0x44694274;
	  f far_plane = 1.100000;
	  x guid = 0x00000000;
	  f horizontal_meters = 4.000000;
	  f lod = 1.000000;
	  f near_plane = 0.100000;
		texture = Art\Bitmaps\Decals\b_d_grs02-path.%img%;
	  f vertical_meters = 4.000000;
	}
	[t:decal,n:*]
	{
		decal_orientation = 0.950766,-0.309910,0.000000,0.000000,0.000000,-1.000000,0.309910,0.950766,0.000000;
		decal_origin = 0.738894,1.000000,0.079517,0x0D8DFF83;
	  f far_plane = 1.100000;
	  x guid = 0x00000000;
	  f horizontal_meters = 4.000000;
	  f lod = 1.000000;
	  f near_plane = 0.100000;
		texture = Art\Bitmaps\Decals\b_d_grs02-path.%img%;
	  f vertical_meters = 4.000000;
	}
	[t:decal,n:*]
	{
		decal_orientation = 0.243049,0.970014,0.000000,0.000000,0.000000,-1.000000,-0.970014,0.243049,0.000000;
		decal_origin = 1.128678,1.000000,-0.361565,0xBA0CDDC4;
	  f far_plane = 1.100000;
	  x guid = 0x00000000;
	  f horizontal_meters = 4.000000;
	  f lod = 1.000000;
	  f near_plane = 0.100000;
		texture = Art\Bitmaps\Decals\b_d_grs02-path.%img%;
	  f vertical_meters = 4.000000;
	}
	[t:decal,n:*]
	{
		decal_orientation = -0.979576,-0.201075,0.000000,0.000000,0.000000,-1.000000,0.201075,-0.979576,0.000000;
		decal_origin = 1.838689,1.000000,-1.559015,0xBA0CDDC4;
	  f far_plane = 1.100000;
	  x guid = 0x00000000;
	  f horizontal_meters = 4.000000;
	  f lod = 1.000000;
	  f near_plane = 0.100000;
		texture = Art\Bitmaps\Decals\b_d_grs02-path.%img%;
	  f vertical_meters = 4.000000;
	}
	[t:decal,n:*]
	{
		decal_orientation = 0.998223,-0.059592,0.000000,0.000000,0.000000,-1.000000,0.059592,0.998223,0.000000;
		decal_origin = 1.769751,1.000000,1.670132,0xBA0CDDC4;
	  f far_plane = 1.100000;
	  x guid = 0x00000000;
	  f horizontal_meters = 4.000000;
	  f lod = 1.000000;
	  f near_plane = 0.100000;
		texture = Art\Bitmaps\Decals\b_d_grs02-path.%img%;
	  f vertical_meters = 4.000000;
	}
	[t:decal,n:*]
	{
		decal_orientation = 0.669886,0.742464,0.000000,0.000000,0.000000,-1.000000,-0.742464,0.669886,0.000000;
		decal_origin = -1.167369,1.000000,-1.340880,0xBF148888;
	  f far_plane = 1.100000;
	  x guid = 0x00000000;
	  f horizontal_meters = 4.000000;
	  f lod = 1.000000;
	  f near_plane = 0.100000;
		texture = Art\Bitmaps\Decals\b_d_grs02-path.%img%;
	  f vertical_meters = 4.000000;
	}
	[t:decal,n:*]
	{
		decal_orientation = -0.049596,0.998769,0.000000,0.000000,0.000000,-1.000000,-0.998769,-0.049596,0.000000;
		decal_origin = 1.260278,1.000000,-1.310710,0xBEE5CE9F;
	  f far_plane = 1.100000;
	  x guid = 0x00000000;
	  f horizontal_meters = 4.000000;
	  f lod = 1.000000;
	  f near_plane = 0.100000;
		texture = Art\Bitmaps\Decals\b_d_grs02-path.%img%;
	  f vertical_meters = 4.000000;
	}
	[t:decal,n:*]
	{
		decal_orientation = -0.713336,-0.700822,0.000000,0.000000,0.000000,-1.000000,0.700822,-0.713336,0.000000;
		decal_origin = -0.583975,1.000000,-1.469945,0x220047BF;
	  f far_plane = 1.100000;
	  x guid = 0x00000000;
	  f horizontal_meters = 4.000000;
	  f lod = 1.000000;
	  f near_plane = 0.100000;
		texture = Art\Bitmaps\Decals\b_d_grs02-path.%img%;
	  f vertical_meters = 4.000000;
	}
	[t:decal,n:*]
	{
		decal_orientation = -0.571866,0.820347,0.000000,0.000000,0.000000,-1.000000,-0.820347,-0.571866,0.000000;
		decal_origin = -0.958252,1.000000,-1.047909,0x220047BF;
	  f far_plane = 1.100000;
	  x guid = 0x00000000;
	  f horizontal_meters = 4.000000;
	  f lod = 1.000000;
	  f near_plane = 0.100000;
		texture = Art\Bitmaps\Decals\b_d_grs02-path.%img%;
	  f vertical_meters = 4.000000;
	}
	[t:decal,n:*]
	{
		decal_orientation = 0.687079,-0.726582,0.000000,0.000000,0.000000,-1.000000,0.726582,0.687079,0.000000;
		decal_origin = -0.122077,1.000000,1.052650,0xB3C904E6;
	  f far_plane = 1.100000;
	  x guid = 0x00000000;
	  f horizontal_meters = 4.000000;
	  f lod = 1.000000;
	  f near_plane = 0.100000;
		texture = Art\Bitmaps\Decals\b_d_grs02-path.%img%;
	  f vertical_meters = 4.000000;
	}
	[t:decal,n:*]
	{
		decal_orientation = -0.315225,0.949017,0.000000,0.000000,0.000000,-1.000000,-0.949017,-0.315225,0.000000;
		decal_origin = -0.447073,1.000000,0.426493,0xF16594CD;
	  f far_plane = 1.100000;
	  x guid = 0x00000000;
	  f horizontal_meters = 4.000000;
	  f lod = 1.000000;
	  f near_plane = 0.100000;
		texture = Art\Bitmaps\Decals\b_d_grs02-path.%img%;
	  f vertical_meters = 4.000000;
	}
	[t:decal,n:*]
	{
		decal_orientation = 0.168868,0.985639,0.000000,0.000000,0.000000,-1.000000,-0.985639,0.168868,0.000000;
		decal_origin = 1.169513,1.000000,-0.858598,0x7A40926C;
	  f far_plane = 1.100000;
	  x guid = 0x00000000;
	  f horizontal_meters = 4.000000;
	  f lod = 1.000000;
	  f near_plane = 0.100000;
		texture = Art\Bitmaps\Decals\b_d_grs02-path.%img%;
	  f vertical_meters = 4.000000;
	}
	[t:decal,n:*]
	{
		decal_orientation = 0.959319,0.282325,0.000000,0.000000,0.000000,-1.000000,-0.282325,0.959319,0.000000;
		decal_origin = 1.269394,1.000000,-1.035665,0x65B2BEF5;
	  f far_plane = 1.100000;
	  x guid = 0x00000000;
	  f horizontal_meters = 4.000000;
	  f lod = 1.000000;
	  f near_plane = 0.100000;
		texture = Art\Bitmaps\Decals\b_d_grs02-path.%img%;
	  f vertical_meters = 4.000000;
	}
	[t:decal,n:*]
	{
		decal_orientation = 0.000000,-1.000000,0.000000,0.000000,0.000000,-1.000000,1.000000,0.000000,0.000000;
		decal_origin = -0.874436,0.999996,1.839450,0x65B2BEF5;
	  f far_plane = 1.100000;
	  x guid = 0xBF1D9843;
	  f horizontal_meters = 4.000000;
	  f lod = 1.000000;
	  f near_plane = 0.100000;
		texture = Art\Bitmaps\Decals\b_d_grs02-a.%img%;
	  f vertical_meters = 4.000000;
	}
	[t:decal,n:*]
	{
		decal_orientation = 0.000000,-1.000000,0.000000,0.000000,0.000000,-1.000000,1.000000,0.000000,0.000000;
		decal_origin = 1.240764,1.000000,1.854732,0x65B2BEF5;
	  f far_plane = 1.100000;
	  x guid = 0x4B9911A6;
	  f horizontal_meters = 4.000000;
	  f lod = 1.000000;
	  f near_plane = 0.100000;
		texture = Art\Bitmaps\Decals\b_d_grs02-a.%img%;
	  f vertical_meters = 4.000000;
	}
	[t:decal,n:*]
	{
		decal_orientation = -0.911614,-0.411047,0.000000,0.000000,0.000000,-1.000000,0.411047,-0.911614,0.000000;
		decal_origin = 0.539485,1.000000,-0.934272,0xE3F865F2;
	  f far_plane = 1.100000;
	  x guid = 0x00000000;
	  f horizontal_meters = 4.000000;
	  f lod = 1.000000;
	  f near_plane = 0.100000;
		texture = Art\Bitmaps\Decals\b_d_grs02-path.%img%;
	  f vertical_meters = 4.000000;
	}
	[t:decal,n:*]
	{
		decal_orientation = -0.289991,-0.957029,0.000000,0.000000,0.000000,-1.000000,0.957029,-0.289991,0.000000;
		decal_origin = -1.662967,1.000000,-1.235309,0xC1F5AE6F;
	  f far_plane = 1.100000;
	  x guid = 0x00000000;
	  f horizontal_meters = 4.000000;
	  f lod = 1.000000;
	  f near_plane = 0.100000;
		texture = Art\Bitmaps\Decals\b_d_grs02-path.%img%;
	  f vertical_meters = 4.000000;
	}
	[t:decal,n:*]
	{
		decal_orientation = -0.857170,0.515033,0.000000,0.000000,0.000000,-1.000000,-0.515033,-0.857170,0.000000;
		decal_origin = -0.390710,1.000000,1.457116,0x05F520A5;
	  f far_plane = 1.100000;
	  x guid = 0x00000000;
	  f horizontal_meters = 4.000000;
	  f lod = 1.000000;
	  f near_plane = 0.100000;
		texture = Art\Bitmaps\Decals\b_d_grs02-path.%img%;
	  f vertical_meters = 4.000000;
	}
	[t:decal,n:*]
	{
		decal_orientation = 0.903234,-0.429149,0.000000,0.000000,0.000000,-1.000000,0.429149,0.903234,0.000000;
		decal_origin = -0.481328,1.000000,-1.323597,0x595D9E8B;
	  f far_plane = 1.100000;
	  x guid = 0x00000000;
	  f horizontal_meters = 4.000000;
	  f lod = 1.000000;
	  f near_plane = 0.100000;
		texture = Art\Bitmaps\Decals\b_d_grs02-path.%img%;
	  f vertical_meters = 4.000000;
	}
	[t:decal,n:*]
	{
		decal_orientation = 0.000000,-1.000000,0.000000,0.000000,0.000000,-1.000000,1.000000,0.000000,0.000000;
		decal_origin = 1.384666,1.000000,-1.119667,0x595D9E8B;
	  f far_plane = 1.100000;
	  x guid = 0xBC713068;
	  f horizontal_meters = 4.000000;
	  f lod = 1.000000;
	  f near_plane = 0.100000;
		texture = Art\Bitmaps\Decals\b_d_grs02-path.%img%;
	  f vertical_meters = 4.000000;
	}
	[t:decal,n:*]
	{
		decal_orientation = 0.000000,-1.000000,0.000000,0.000000,0.000000,-1.000000,1.000000,0.000000,0.000000;
		decal_origin = 1.721523,1.000000,1.036375,0x595D9E8B;
	  f far_plane = 1.100000;
	  x guid = 0xD3825CFD;
	  f horizontal_meters = 4.000000;
	  f lod = 1.000000;
	  f near_plane = 0.100000;
		texture = Art\Bitmaps\Decals\b_d_grs02-path.%img%;
	  f vertical_meters = 4.000000;
	}
	[t:decal,n:*]
	{
		decal_orientation = 1.000000,0.000000,0.000000,0.000000,0.316227,-0.948683,0.000000,0.948683,0.316227;
		decal_origin = 0.546812,-1.031305,-6.256184,0x87B049DF;
	  f far_plane = 1.100000;
	  x guid = 0x8A83FEFA;
	  f horizontal_meters = 4.000000;
	  f lod = 1.000000;
	  f near_plane = 0.100000;
		texture = Art\Bitmaps\Decals\b_d_grs02-a.%img%;
	  f vertical_meters = 4.000000;
	}
	[t:decal,n:*]
	{
		decal_orientation = 0.000000,-1.000000,0.000000,0.000000,0.000000,-1.000000,1.000000,0.000000,0.000000;
		decal_origin = 3.494859,1.000000,-0.630806,0xD0053F3D;
	  f far_plane = 1.100000;
	  x guid = 0x92585069;
	  f horizontal_meters = 4.000000;
	  f lod = 1.000000;
	  f near_plane = 0.100000;
		texture = Art\Bitmaps\Decals\b_d_grs02-a.%img%;
	  f vertical_meters = 4.000000;
	}
	[t:decal,n:*]
	{
		decal_orientation = -0.435383,0.900245,0.000000,0.000000,0.000000,-1.000000,-0.900245,-0.435383,0.000000;
		decal_origin = 0.040384,1.000000,-0.984929,0x9430F45C;
	  f far_plane = 1.100000;
	  x guid = 0x00000000;
	  f horizontal_meters = 4.000000;
	  f lod = 1.000000;
	  f near_plane = 0.100000;
		texture = Art\Bitmaps\Decals\b_d_grs02-path.%img%;
	  f vertical_meters = 4.000000;
	}
	[t:decal,n:*]
	{
		decal_orientation = -0.921864,-0.387512,0.000000,0.000000,0.000000,-1.000000,0.387512,-0.921864,0.000000;
		decal_origin = -1.804655,1.000000,-0.362547,0x3445137F;
	  f far_plane = 1.100000;
	  x guid = 0x00000000;
	  f horizontal_meters = 4.000000;
